filename,semantic_label,partition,numeric_label,task
000010.png,collie,train,1,target
000020.png,collie,train,1,target
000032.png,collie,train,1,target
000042.png,collie,train,1,target
000059.png,collie,train,1,target
000089.png,collie,train,1,target
000106.png,collie,train,1,target
000123.png,collie,train,1,target
000159.png,collie,train,1,target
000185.png,collie,train,1,target
000195.png,collie,train,1,target
000214.png,collie,train,1,target
000274.png,collie,train,1,target
000305.png,collie,train,1,target
000339.png,collie,train,1,target
000394.png,collie,train,1,target
000409.png,collie,train,1,target
000465.png,collie,train,1,target
000495.png,collie,train,1,target
000560.png,collie,train,1,target
000591.png,collie,train,1,target
000614.png,collie,train,1,target
000648.png,collie,train,1,target
000658.png,collie,train,1,target
000665.png,collie,train,1,target
000720.png,collie,train,1,target
000825.png,collie,train,1,target
000859.png,collie,train,1,target
000875.png,collie,train,1,target
000893.png,collie,train,1,target
000902.png,collie,train,1,target
000939.png,collie,train,1,target
000940.png,collie,train,1,target
000977.png,collie,train,1,target
000986.png,collie,train,1,target
001104.png,collie,train,1,target
001126.png,collie,train,1,target
001141.png,collie,train,1,target
001232.png,collie,train,1,target
001235.png,collie,train,1,target
001240.png,collie,train,1,target
001367.png,collie,train,1,target
001378.png,collie,train,1,target
001404.png,collie,train,1,target
001415.png,collie,train,1,target
001493.png,collie,train,1,target
001558.png,collie,train,1,target
001569.png,collie,train,1,target
001592.png,collie,train,1,target
001594.png,collie,train,1,target
001653.png,collie,train,1,target
001688.png,collie,train,1,target
001722.png,collie,train,1,target
001750.png,collie,train,1,target
001768.png,collie,train,1,target
001820.png,collie,train,1,target
001822.png,collie,train,1,target
001958.png,collie,train,1,target
001988.png,collie,train,1,target
001995.png,collie,train,1,target
002001.png,collie,train,1,target
002024.png,collie,train,1,target
002043.png,collie,train,1,target
002049.png,collie,train,1,target
002103.png,collie,train,1,target
002104.png,collie,train,1,target
002132.png,collie,train,1,target
002135.png,collie,train,1,target
002141.png,collie,train,1,target
002147.png,collie,train,1,target
002157.png,collie,train,1,target
002163.png,collie,train,1,target
002178.png,collie,train,1,target
002183.png,collie,train,1,target
002197.png,collie,train,1,target
002225.png,collie,train,1,target
002227.png,collie,train,1,target
002252.png,collie,train,1,target
002268.png,collie,train,1,target
002280.png,collie,train,1,target
002287.png,collie,train,1,target
002292.png,collie,train,1,target
002389.png,collie,train,1,target
002425.png,collie,train,1,target
002435.png,collie,train,1,target
002475.png,collie,train,1,target
002476.png,collie,train,1,target
002497.png,collie,train,1,target
002500.png,collie,train,1,target
002602.png,collie,train,1,target
002607.png,collie,train,1,target
002633.png,collie,train,1,target
002664.png,collie,train,1,target
002672.png,collie,train,1,target
002687.png,collie,train,1,target
002723.png,collie,train,1,target
002748.png,collie,train,1,target
002757.png,collie,train,1,target
002846.png,collie,train,1,target
002864.png,collie,train,1,target
002873.png,collie,train,1,target
002944.png,collie,train,1,target
002945.png,collie,train,1,target
003039.png,collie,train,1,target
003063.png,collie,train,1,target
003072.png,collie,train,1,target
003130.png,collie,train,1,target
003175.png,collie,train,1,target
003218.png,collie,train,1,target
003317.png,collie,train,1,target
003336.png,collie,train,1,target
003340.png,collie,train,1,target
003345.png,collie,train,1,target
003392.png,collie,train,1,target
003400.png,collie,train,1,target
003491.png,collie,train,1,target
003505.png,collie,train,1,target
003522.png,collie,train,1,target
003526.png,collie,train,1,target
003569.png,collie,train,1,target
003573.png,collie,train,1,target
003576.png,collie,train,1,target
003629.png,collie,train,1,target
003632.png,collie,train,1,target
003664.png,collie,train,1,target
003669.png,collie,train,1,target
003693.png,collie,train,1,target
003715.png,collie,train,1,target
003739.png,collie,train,1,target
003764.png,collie,train,1,target
003774.png,collie,train,1,target
003909.png,collie,train,1,target
003972.png,collie,train,1,target
003982.png,collie,train,1,target
003992.png,collie,train,1,target
004006.png,collie,train,1,target
004042.png,collie,train,1,target
004078.png,collie,train,1,target
004079.png,collie,train,1,target
004088.png,collie,train,1,target
004103.png,collie,train,1,target
004111.png,collie,train,1,target
004135.png,collie,train,1,target
004144.png,collie,train,1,target
004165.png,collie,train,1,target
004192.png,collie,train,1,target
004213.png,collie,train,1,target
004216.png,collie,train,1,target
004274.png,collie,train,1,target
004294.png,collie,train,1,target
004301.png,collie,val,1,target
004396.png,collie,val,1,target
004410.png,collie,val,1,target
004420.png,collie,val,1,target
004421.png,collie,val,1,target
004495.png,collie,val,1,target
004508.png,collie,val,1,target
004530.png,collie,val,1,target
004569.png,collie,val,1,target
004575.png,collie,val,1,target
004613.png,collie,val,1,target
004624.png,collie,val,1,target
004663.png,collie,val,1,target
004701.png,collie,val,1,target
004719.png,collie,val,1,target
004725.png,collie,val,1,target
004750.png,collie,val,1,target
004763.png,collie,val,1,target
004767.png,collie,val,1,target
004809.png,collie,val,1,target
004817.png,collie,val,1,target
004840.png,collie,val,1,target
004854.png,collie,val,1,target
004865.png,collie,val,1,target
004888.png,collie,val,1,target
004893.png,collie,val,1,target
004940.png,collie,val,1,target
004943.png,collie,val,1,target
004969.png,collie,val,1,target
004983.png,collie,val,1,target
004989.png,collie,val,1,target
004996.png,collie,val,1,target
005025.png,collie,val,1,target
005180.png,collie,val,1,target
005184.png,collie,val,1,target
005201.png,collie,val,1,target
005221.png,collie,val,1,target
005223.png,collie,val,1,target
005317.png,collie,val,1,target
005325.png,collie,val,1,target
005338.png,collie,val,1,target
005395.png,collie,val,1,target
005400.png,collie,val,1,target
005475.png,collie,val,1,target
005563.png,collie,val,1,target
005567.png,collie,val,1,target
005599.png,collie,val,1,target
005601.png,collie,val,1,target
005608.png,collie,val,1,target
005617.png,collie,val,1,target
005643.png,collie,val,1,target
005675.png,collie,val,1,target
005748.png,collie,val,1,target
005751.png,collie,val,1,target
005767.png,collie,val,1,target
005784.png,collie,val,1,target
005817.png,collie,val,1,target
005823.png,collie,val,1,target
005842.png,collie,val,1,target
005879.png,collie,val,1,target
005891.png,collie,val,1,target
005903.png,collie,val,1,target
005908.png,collie,val,1,target
005909.png,collie,val,1,target
005918.png,collie,val,1,target
005931.png,collie,val,1,target
005932.png,collie,val,1,target
005954.png,collie,val,1,target
005964.png,collie,val,1,target
005970.png,collie,val,1,target
005976.png,collie,val,1,target
005985.png,collie,val,1,target
005999.png,collie,val,1,target
006000.png,collie,val,1,target
006019.png,collie,val,1,target
000039.png,collie,test,1,target
006036.png,collie,test,1,target
000613.png,collie,test,1,target
007710.png,collie,test,1,target
000496.png,collie,test,1,target
007656.png,collie,test,1,target
000781.png,collie,test,1,target
000211.png,collie,test,1,target
000688.png,collie,test,1,target
001136.png,collie,test,1,target
001023.png,collie,test,1,target
000285.png,collie,test,1,target
006234.png,collie,test,1,target
006700.png,collie,test,1,target
006315.png,collie,test,1,target
000416.png,collie,test,1,target
001137.png,collie,test,1,target
007194.png,collie,test,1,target
000061.png,collie,test,1,target
006991.png,collie,test,1,target
007618.png,collie,test,1,target
006399.png,collie,test,1,target
000942.png,collie,test,1,target
007790.png,collie,test,1,target
000811.png,collie,test,1,target
000388.png,collie,test,1,target
000623.png,collie,test,1,target
000959.png,collie,test,1,target
006480.png,collie,test,1,target
006191.png,collie,test,1,target
000015.png,collie,test,1,target
000784.png,collie,test,1,target
000319.png,collie,test,1,target
000033.png,collie,test,1,target
000353.png,collie,test,1,target
000435.png,collie,test,1,target
006476.png,collie,test,1,target
007221.png,collie,test,1,target
000448.png,collie,test,1,target
000303.png,collie,test,1,target
000250.png,collie,test,1,target
006751.png,collie,test,1,target
006867.png,collie,test,1,target
000727.png,collie,test,1,target
001174.png,collie,test,1,target
007301.png,collie,test,1,target
001225.png,collie,test,1,target
006045.png,collie,test,1,target
000459.png,collie,test,1,target
007837.png,collie,test,1,target
000075.png,golden_retriever,train,0,target
000131.png,golden_retriever,train,0,target
000170.png,golden_retriever,train,0,target
000184.png,golden_retriever,train,0,target
000224.png,golden_retriever,train,0,target
000241.png,golden_retriever,train,0,target
000251.png,golden_retriever,train,0,target
000291.png,golden_retriever,train,0,target
000300.png,golden_retriever,train,0,target
000359.png,golden_retriever,train,0,target
000367.png,golden_retriever,train,0,target
000398.png,golden_retriever,train,0,target
000400.png,golden_retriever,train,0,target
000430.png,golden_retriever,train,0,target
000434.png,golden_retriever,train,0,target
000018.png,golden_retriever,train,0,target
000031.png,golden_retriever,train,0,target
000038.png,golden_retriever,train,0,target
000094.png,golden_retriever,train,0,target
000118.png,golden_retriever,train,0,target
000132.png,golden_retriever,train,0,target
000137.png,golden_retriever,train,0,target
000139.png,golden_retriever,train,0,target
000166.png,golden_retriever,train,0,target
000173.png,golden_retriever,train,0,target
000180.png,golden_retriever,train,0,target
000182.png,golden_retriever,train,0,target
000191.png,golden_retriever,train,0,target
000194.png,golden_retriever,train,0,target
000222.png,golden_retriever,train,0,target
000232.png,golden_retriever,train,0,target
000235.png,golden_retriever,train,0,target
000261.png,golden_retriever,train,0,target
000286.png,golden_retriever,train,0,target
000315.png,golden_retriever,train,0,target
000330.png,golden_retriever,train,0,target
000334.png,golden_retriever,train,0,target
000336.png,golden_retriever,train,0,target
000358.png,golden_retriever,train,0,target
000376.png,golden_retriever,train,0,target
000377.png,golden_retriever,train,0,target
000385.png,golden_retriever,train,0,target
000386.png,golden_retriever,train,0,target
000390.png,golden_retriever,train,0,target
000393.png,golden_retriever,train,0,target
000395.png,golden_retriever,train,0,target
000399.png,golden_retriever,train,0,target
000403.png,golden_retriever,train,0,target
000404.png,golden_retriever,train,0,target
000410.png,golden_retriever,train,0,target
000422.png,golden_retriever,train,0,target
000432.png,golden_retriever,train,0,target
000445.png,golden_retriever,train,0,target
000453.png,golden_retriever,train,0,target
000493.png,golden_retriever,train,0,target
000498.png,golden_retriever,train,0,target
000508.png,golden_retriever,train,0,target
000517.png,golden_retriever,train,0,target
000540.png,golden_retriever,train,0,target
000553.png,golden_retriever,train,0,target
000566.png,golden_retriever,train,0,target
000582.png,golden_retriever,train,0,target
000600.png,golden_retriever,train,0,target
000602.png,golden_retriever,train,0,target
000616.png,golden_retriever,train,0,target
000621.png,golden_retriever,train,0,target
000631.png,golden_retriever,train,0,target
000672.png,golden_retriever,train,0,target
000675.png,golden_retriever,train,0,target
000681.png,golden_retriever,train,0,target
000683.png,golden_retriever,train,0,target
000704.png,golden_retriever,train,0,target
000719.png,golden_retriever,train,0,target
000731.png,golden_retriever,train,0,target
000735.png,golden_retriever,train,0,target
000738.png,golden_retriever,train,0,target
000776.png,golden_retriever,train,0,target
000785.png,golden_retriever,train,0,target
000823.png,golden_retriever,train,0,target
000830.png,golden_retriever,train,0,target
000862.png,golden_retriever,train,0,target
000890.png,golden_retriever,train,0,target
000910.png,golden_retriever,train,0,target
000923.png,golden_retriever,train,0,target
000933.png,golden_retriever,train,0,target
000936.png,golden_retriever,train,0,target
000943.png,golden_retriever,train,0,target
000967.png,golden_retriever,train,0,target
001040.png,golden_retriever,train,0,target
001041.png,golden_retriever,train,0,target
001043.png,golden_retriever,train,0,target
001044.png,golden_retriever,train,0,target
001064.png,golden_retriever,train,0,target
001075.png,golden_retriever,train,0,target
001125.png,golden_retriever,train,0,target
001130.png,golden_retriever,train,0,target
001142.png,golden_retriever,train,0,target
001151.png,golden_retriever,train,0,target
001167.png,golden_retriever,train,0,target
001171.png,golden_retriever,train,0,target
001191.png,golden_retriever,train,0,target
001203.png,golden_retriever,train,0,target
001223.png,golden_retriever,train,0,target
001247.png,golden_retriever,train,0,target
001314.png,golden_retriever,train,0,target
001319.png,golden_retriever,train,0,target
001402.png,golden_retriever,train,0,target
001405.png,golden_retriever,train,0,target
001406.png,golden_retriever,train,0,target
001420.png,golden_retriever,train,0,target
001423.png,golden_retriever,train,0,target
001445.png,golden_retriever,train,0,target
001461.png,golden_retriever,train,0,target
001475.png,golden_retriever,train,0,target
001477.png,golden_retriever,train,0,target
001483.png,golden_retriever,train,0,target
001495.png,golden_retriever,train,0,target
001499.png,golden_retriever,train,0,target
001501.png,golden_retriever,train,0,target
001503.png,golden_retriever,train,0,target
001507.png,golden_retriever,train,0,target
001512.png,golden_retriever,train,0,target
001525.png,golden_retriever,train,0,target
001561.png,golden_retriever,train,0,target
001582.png,golden_retriever,train,0,target
001601.png,golden_retriever,train,0,target
001613.png,golden_retriever,train,0,target
001647.png,golden_retriever,train,0,target
001655.png,golden_retriever,train,0,target
001663.png,golden_retriever,train,0,target
001664.png,golden_retriever,train,0,target
001672.png,golden_retriever,train,0,target
001682.png,golden_retriever,train,0,target
001700.png,golden_retriever,train,0,target
001704.png,golden_retriever,train,0,target
001724.png,golden_retriever,train,0,target
001726.png,golden_retriever,train,0,target
001728.png,golden_retriever,train,0,target
001740.png,golden_retriever,train,0,target
001747.png,golden_retriever,train,0,target
001751.png,golden_retriever,train,0,target
001754.png,golden_retriever,train,0,target
001829.png,golden_retriever,train,0,target
001834.png,golden_retriever,train,0,target
001837.png,golden_retriever,train,0,target
001849.png,golden_retriever,train,0,target
001860.png,golden_retriever,train,0,target
001891.png,golden_retriever,train,0,target
001894.png,golden_retriever,train,0,target
001898.png,golden_retriever,train,0,target
000444.png,golden_retriever,val,0,target
000489.png,golden_retriever,val,0,target
000530.png,golden_retriever,val,0,target
000556.png,golden_retriever,val,0,target
000575.png,golden_retriever,val,0,target
000583.png,golden_retriever,val,0,target
000593.png,golden_retriever,val,0,target
002426.png,golden_retriever,val,0,target
002427.png,golden_retriever,val,0,target
002430.png,golden_retriever,val,0,target
002440.png,golden_retriever,val,0,target
002465.png,golden_retriever,val,0,target
002502.png,golden_retriever,val,0,target
002505.png,golden_retriever,val,0,target
002509.png,golden_retriever,val,0,target
002520.png,golden_retriever,val,0,target
002542.png,golden_retriever,val,0,target
002544.png,golden_retriever,val,0,target
002560.png,golden_retriever,val,0,target
002587.png,golden_retriever,val,0,target
002591.png,golden_retriever,val,0,target
002612.png,golden_retriever,val,0,target
002621.png,golden_retriever,val,0,target
002627.png,golden_retriever,val,0,target
002630.png,golden_retriever,val,0,target
002637.png,golden_retriever,val,0,target
002638.png,golden_retriever,val,0,target
002652.png,golden_retriever,val,0,target
002663.png,golden_retriever,val,0,target
002696.png,golden_retriever,val,0,target
002709.png,golden_retriever,val,0,target
002710.png,golden_retriever,val,0,target
002729.png,golden_retriever,val,0,target
002730.png,golden_retriever,val,0,target
002763.png,golden_retriever,val,0,target
002770.png,golden_retriever,val,0,target
002815.png,golden_retriever,val,0,target
002821.png,golden_retriever,val,0,target
002836.png,golden_retriever,val,0,target
002854.png,golden_retriever,val,0,target
002863.png,golden_retriever,val,0,target
002870.png,golden_retriever,val,0,target
002885.png,golden_retriever,val,0,target
002906.png,golden_retriever,val,0,target
002913.png,golden_retriever,val,0,target
002948.png,golden_retriever,val,0,target
003028.png,golden_retriever,val,0,target
003044.png,golden_retriever,val,0,target
003068.png,golden_retriever,val,0,target
003095.png,golden_retriever,val,0,target
003104.png,golden_retriever,val,0,target
003112.png,golden_retriever,val,0,target
003114.png,golden_retriever,val,0,target
003115.png,golden_retriever,val,0,target
003126.png,golden_retriever,val,0,target
003146.png,golden_retriever,val,0,target
003154.png,golden_retriever,val,0,target
003190.png,golden_retriever,val,0,target
003195.png,golden_retriever,val,0,target
003212.png,golden_retriever,val,0,target
003213.png,golden_retriever,val,0,target
003231.png,golden_retriever,val,0,target
003287.png,golden_retriever,val,0,target
003304.png,golden_retriever,val,0,target
003323.png,golden_retriever,val,0,target
003331.png,golden_retriever,val,0,target
003343.png,golden_retriever,val,0,target
003357.png,golden_retriever,val,0,target
003364.png,golden_retriever,val,0,target
003389.png,golden_retriever,val,0,target
003393.png,golden_retriever,val,0,target
003415.png,golden_retriever,val,0,target
003426.png,golden_retriever,val,0,target
003429.png,golden_retriever,val,0,target
003441.png,golden_retriever,val,0,target
000879.png,golden_retriever,test,0,target
000731.png,golden_retriever,test,0,target
000566.png,golden_retriever,test,0,target
002212.png,golden_retriever,test,0,target
002272.png,golden_retriever,test,0,target
002369.png,golden_retriever,test,0,target
001489.png,golden_retriever,test,0,target
002352.png,golden_retriever,test,0,target
002857.png,golden_retriever,test,0,target
000603.png,golden_retriever,test,0,target
000785.png,golden_retriever,test,0,target
000967.png,golden_retriever,test,0,target
001470.png,golden_retriever,test,0,target
002136.png,golden_retriever,test,0,target
002818.png,golden_retriever,test,0,target
002181.png,golden_retriever,test,0,target
000683.png,golden_retriever,test,0,target
002257.png,golden_retriever,test,0,target
000403.png,golden_retriever,test,0,target
002273.png,golden_retriever,test,0,target
000410.png,golden_retriever,test,0,target
000540.png,golden_retriever,test,0,target
001221.png,golden_retriever,test,0,target
000918.png,golden_retriever,test,0,target
001170.png,golden_retriever,test,0,target
001796.png,golden_retriever,test,0,target
002891.png,golden_retriever,test,0,target
002265.png,golden_retriever,test,0,target
002241.png,golden_retriever,test,0,target
001155.png,golden_retriever,test,0,target
000627.png,golden_retriever,test,0,target
001032.png,golden_retriever,test,0,target
000935.png,golden_retriever,test,0,target
001040.png,golden_retriever,test,0,target
000778.png,golden_retriever,test,0,target
001551.png,golden_retriever,test,0,target
002347.png,golden_retriever,test,0,target
000890.png,golden_retriever,test,0,target
000776.png,golden_retriever,test,0,target
002245.png,golden_retriever,test,0,target
000931.png,golden_retriever,test,0,target
001952.png,golden_retriever,test,0,target
002415.png,golden_retriever,test,0,target
000508.png,golden_retriever,test,0,target
000517.png,golden_retriever,test,0,target
000385.png,golden_retriever,test,0,target
002271.png,golden_retriever,test,0,target
002406.png,golden_retriever,test,0,target
000393.png,golden_retriever,test,0,target
002224.png,golden_retriever,test,0,target
000005.png,chihuahua,train,5,source
000016.png,chihuahua,train,5,source
000047.png,chihuahua,train,5,source
000048.png,chihuahua,train,5,source
000050.png,chihuahua,train,5,source
000070.png,chihuahua,train,5,source
000074.png,chihuahua,train,5,source
000079.png,chihuahua,train,5,source
000086.png,chihuahua,train,5,source
000092.png,chihuahua,train,5,source
000093.png,chihuahua,train,5,source
000116.png,chihuahua,train,5,source
000135.png,chihuahua,train,5,source
000165.png,chihuahua,train,5,source
000171.png,chihuahua,train,5,source
000177.png,chihuahua,train,5,source
000178.png,chihuahua,train,5,source
000183.png,chihuahua,train,5,source
000190.png,chihuahua,train,5,source
000192.png,chihuahua,train,5,source
000197.png,chihuahua,train,5,source
000218.png,chihuahua,train,5,source
000219.png,chihuahua,train,5,source
000233.png,chihuahua,train,5,source
000237.png,chihuahua,train,5,source
000238.png,chihuahua,train,5,source
000239.png,chihuahua,train,5,source
000260.png,chihuahua,train,5,source
000268.png,chihuahua,train,5,source
000284.png,chihuahua,train,5,source
000297.png,chihuahua,train,5,source
000299.png,chihuahua,train,5,source
000317.png,chihuahua,train,5,source
000329.png,chihuahua,train,5,source
000341.png,chihuahua,train,5,source
000349.png,chihuahua,train,5,source
000352.png,chihuahua,train,5,source
000356.png,chihuahua,train,5,source
000365.png,chihuahua,train,5,source
000369.png,chihuahua,train,5,source
000370.png,chihuahua,train,5,source
000373.png,chihuahua,train,5,source
000374.png,chihuahua,train,5,source
000426.png,chihuahua,train,5,source
000488.png,chihuahua,train,5,source
000491.png,chihuahua,train,5,source
000494.png,chihuahua,train,5,source
000514.png,chihuahua,train,5,source
000528.png,chihuahua,train,5,source
000531.png,chihuahua,train,5,source
000561.png,chihuahua,train,5,source
000563.png,chihuahua,train,5,source
000565.png,chihuahua,train,5,source
000581.png,chihuahua,train,5,source
000584.png,chihuahua,train,5,source
000608.png,chihuahua,train,5,source
000626.png,chihuahua,train,5,source
000635.png,chihuahua,train,5,source
000660.png,chihuahua,train,5,source
000661.png,chihuahua,train,5,source
000662.png,chihuahua,train,5,source
000667.png,chihuahua,train,5,source
000676.png,chihuahua,train,5,source
000678.png,chihuahua,train,5,source
000684.png,chihuahua,train,5,source
000689.png,chihuahua,train,5,source
000709.png,chihuahua,train,5,source
000711.png,chihuahua,train,5,source
000713.png,chihuahua,train,5,source
000714.png,chihuahua,train,5,source
000740.png,chihuahua,train,5,source
000743.png,chihuahua,train,5,source
000744.png,chihuahua,train,5,source
000745.png,chihuahua,train,5,source
000746.png,chihuahua,train,5,source
000763.png,chihuahua,train,5,source
000769.png,chihuahua,train,5,source
000787.png,chihuahua,train,5,source
000815.png,chihuahua,train,5,source
000819.png,chihuahua,train,5,source
000829.png,chihuahua,train,5,source
000831.png,chihuahua,train,5,source
000836.png,chihuahua,train,5,source
000839.png,chihuahua,train,5,source
000864.png,chihuahua,train,5,source
000868.png,chihuahua,train,5,source
000882.png,chihuahua,train,5,source
000903.png,chihuahua,train,5,source
000906.png,chihuahua,train,5,source
000917.png,chihuahua,train,5,source
000929.png,chihuahua,train,5,source
000934.png,chihuahua,train,5,source
000947.png,chihuahua,train,5,source
000963.png,chihuahua,train,5,source
000964.png,chihuahua,train,5,source
000969.png,chihuahua,train,5,source
000976.png,chihuahua,train,5,source
000987.png,chihuahua,train,5,source
000997.png,chihuahua,train,5,source
000998.png,chihuahua,train,5,source
001001.png,chihuahua,train,5,source
001007.png,chihuahua,train,5,source
001009.png,chihuahua,train,5,source
001019.png,chihuahua,train,5,source
001022.png,chihuahua,train,5,source
001030.png,chihuahua,train,5,source
001046.png,chihuahua,train,5,source
001057.png,chihuahua,train,5,source
001078.png,chihuahua,train,5,source
001086.png,chihuahua,train,5,source
001087.png,chihuahua,train,5,source
001109.png,chihuahua,train,5,source
001110.png,chihuahua,train,5,source
001140.png,chihuahua,train,5,source
001146.png,chihuahua,train,5,source
001148.png,chihuahua,train,5,source
001154.png,chihuahua,train,5,source
001180.png,chihuahua,train,5,source
001213.png,chihuahua,train,5,source
001214.png,chihuahua,train,5,source
001216.png,chihuahua,train,5,source
001219.png,chihuahua,train,5,source
001233.png,chihuahua,train,5,source
001261.png,chihuahua,train,5,source
001268.png,chihuahua,train,5,source
001270.png,chihuahua,train,5,source
001272.png,chihuahua,train,5,source
001297.png,chihuahua,train,5,source
001308.png,chihuahua,train,5,source
001315.png,chihuahua,train,5,source
001329.png,chihuahua,train,5,source
001336.png,chihuahua,train,5,source
001348.png,chihuahua,train,5,source
001356.png,chihuahua,train,5,source
001428.png,chihuahua,train,5,source
001442.png,chihuahua,train,5,source
001452.png,chihuahua,train,5,source
001455.png,chihuahua,train,5,source
001457.png,chihuahua,train,5,source
001460.png,chihuahua,train,5,source
001472.png,chihuahua,train,5,source
001502.png,chihuahua,train,5,source
001513.png,chihuahua,train,5,source
001523.png,chihuahua,train,5,source
001529.png,chihuahua,train,5,source
001535.png,chihuahua,train,5,source
001554.png,chihuahua,train,5,source
001560.png,chihuahua,train,5,source
001563.png,chihuahua,train,5,source
001607.png,chihuahua,train,5,source
001625.png,chihuahua,train,5,source
001636.png,chihuahua,train,5,source
001640.png,chihuahua,train,5,source
001659.png,chihuahua,train,5,source
001662.png,chihuahua,train,5,source
001676.png,chihuahua,train,5,source
001680.png,chihuahua,train,5,source
001720.png,chihuahua,train,5,source
001733.png,chihuahua,train,5,source
001742.png,chihuahua,train,5,source
001804.png,chihuahua,train,5,source
001815.png,chihuahua,train,5,source
001825.png,chihuahua,train,5,source
001830.png,chihuahua,train,5,source
001840.png,chihuahua,train,5,source
001844.png,chihuahua,train,5,source
001847.png,chihuahua,train,5,source
001850.png,chihuahua,train,5,source
001853.png,chihuahua,train,5,source
001854.png,chihuahua,train,5,source
001858.png,chihuahua,train,5,source
001877.png,chihuahua,train,5,source
001884.png,chihuahua,train,5,source
001888.png,chihuahua,train,5,source
001897.png,chihuahua,train,5,source
001900.png,chihuahua,train,5,source
001905.png,chihuahua,train,5,source
001906.png,chihuahua,train,5,source
001909.png,chihuahua,train,5,source
001914.png,chihuahua,train,5,source
001917.png,chihuahua,train,5,source
001919.png,chihuahua,train,5,source
001934.png,chihuahua,train,5,source
001946.png,chihuahua,train,5,source
001966.png,chihuahua,train,5,source
001967.png,chihuahua,train,5,source
001968.png,chihuahua,train,5,source
001971.png,chihuahua,train,5,source
001984.png,chihuahua,train,5,source
002007.png,chihuahua,train,5,source
002014.png,chihuahua,train,5,source
002018.png,chihuahua,train,5,source
002042.png,chihuahua,train,5,source
002047.png,chihuahua,train,5,source
002054.png,chihuahua,train,5,source
002064.png,chihuahua,train,5,source
002077.png,chihuahua,train,5,source
002079.png,chihuahua,train,5,source
002093.png,chihuahua,train,5,source
002109.png,chihuahua,train,5,source
002111.png,chihuahua,train,5,source
002126.png,chihuahua,train,5,source
002130.png,chihuahua,train,5,source
002133.png,chihuahua,train,5,source
002149.png,chihuahua,train,5,source
002153.png,chihuahua,train,5,source
002164.png,chihuahua,train,5,source
002184.png,chihuahua,train,5,source
002194.png,chihuahua,train,5,source
002200.png,chihuahua,train,5,source
002203.png,chihuahua,train,5,source
002208.png,chihuahua,train,5,source
002219.png,chihuahua,train,5,source
002228.png,chihuahua,train,5,source
002236.png,chihuahua,train,5,source
002237.png,chihuahua,train,5,source
002238.png,chihuahua,train,5,source
002250.png,chihuahua,train,5,source
002253.png,chihuahua,train,5,source
002264.png,chihuahua,train,5,source
002266.png,chihuahua,train,5,source
002269.png,chihuahua,train,5,source
002274.png,chihuahua,train,5,source
002304.png,chihuahua,train,5,source
002310.png,chihuahua,train,5,source
002332.png,chihuahua,train,5,source
002333.png,chihuahua,train,5,source
002357.png,chihuahua,train,5,source
002360.png,chihuahua,train,5,source
002362.png,chihuahua,train,5,source
002372.png,chihuahua,train,5,source
002386.png,chihuahua,train,5,source
002391.png,chihuahua,train,5,source
002399.png,chihuahua,train,5,source
002407.png,chihuahua,train,5,source
002411.png,chihuahua,train,5,source
002418.png,chihuahua,train,5,source
002429.png,chihuahua,train,5,source
002442.png,chihuahua,train,5,source
002446.png,chihuahua,train,5,source
002449.png,chihuahua,train,5,source
002454.png,chihuahua,train,5,source
002471.png,chihuahua,train,5,source
002477.png,chihuahua,train,5,source
002488.png,chihuahua,train,5,source
002512.png,chihuahua,train,5,source
002517.png,chihuahua,train,5,source
002521.png,chihuahua,train,5,source
002532.png,chihuahua,train,5,source
002555.png,chihuahua,train,5,source
002561.png,chihuahua,val,5,source
002581.png,chihuahua,val,5,source
002598.png,chihuahua,val,5,source
002618.png,chihuahua,val,5,source
002624.png,chihuahua,val,5,source
002628.png,chihuahua,val,5,source
002642.png,chihuahua,val,5,source
002646.png,chihuahua,val,5,source
002674.png,chihuahua,val,5,source
002679.png,chihuahua,val,5,source
002683.png,chihuahua,val,5,source
002688.png,chihuahua,val,5,source
002699.png,chihuahua,val,5,source
002706.png,chihuahua,val,5,source
002707.png,chihuahua,val,5,source
002714.png,chihuahua,val,5,source
002741.png,chihuahua,val,5,source
002773.png,chihuahua,val,5,source
002791.png,chihuahua,val,5,source
002810.png,chihuahua,val,5,source
002828.png,chihuahua,val,5,source
002833.png,chihuahua,val,5,source
002843.png,chihuahua,val,5,source
002860.png,chihuahua,val,5,source
002900.png,chihuahua,val,5,source
002935.png,chihuahua,val,5,source
002936.png,chihuahua,val,5,source
002939.png,chihuahua,val,5,source
002955.png,chihuahua,val,5,source
002960.png,chihuahua,val,5,source
002971.png,chihuahua,val,5,source
002984.png,chihuahua,val,5,source
002986.png,chihuahua,val,5,source
002987.png,chihuahua,val,5,source
002991.png,chihuahua,val,5,source
003006.png,chihuahua,val,5,source
003014.png,chihuahua,val,5,source
003017.png,chihuahua,val,5,source
003021.png,chihuahua,val,5,source
003029.png,chihuahua,val,5,source
003032.png,chihuahua,val,5,source
003034.png,chihuahua,val,5,source
003043.png,chihuahua,val,5,source
003046.png,chihuahua,val,5,source
003051.png,chihuahua,val,5,source
003062.png,chihuahua,val,5,source
003077.png,chihuahua,val,5,source
003085.png,chihuahua,val,5,source
003087.png,chihuahua,val,5,source
003093.png,chihuahua,val,5,source
003099.png,chihuahua,val,5,source
003102.png,chihuahua,val,5,source
003107.png,chihuahua,val,5,source
003109.png,chihuahua,val,5,source
003113.png,chihuahua,val,5,source
003125.png,chihuahua,val,5,source
003133.png,chihuahua,val,5,source
003138.png,chihuahua,val,5,source
003143.png,chihuahua,val,5,source
003168.png,chihuahua,val,5,source
003180.png,chihuahua,val,5,source
003210.png,chihuahua,val,5,source
003236.png,chihuahua,val,5,source
003249.png,chihuahua,val,5,source
003253.png,chihuahua,val,5,source
003261.png,chihuahua,val,5,source
003262.png,chihuahua,val,5,source
003265.png,chihuahua,val,5,source
003266.png,chihuahua,val,5,source
003286.png,chihuahua,val,5,source
003293.png,chihuahua,val,5,source
003315.png,chihuahua,val,5,source
003321.png,chihuahua,val,5,source
003329.png,chihuahua,val,5,source
003350.png,chihuahua,val,5,source
003359.png,chihuahua,val,5,source
003360.png,chihuahua,val,5,source
003366.png,chihuahua,val,5,source
003372.png,chihuahua,val,5,source
003374.png,chihuahua,val,5,source
003379.png,chihuahua,val,5,source
003382.png,chihuahua,val,5,source
003427.png,chihuahua,val,5,source
003440.png,chihuahua,val,5,source
003445.png,chihuahua,val,5,source
003448.png,chihuahua,val,5,source
003467.png,chihuahua,val,5,source
003483.png,chihuahua,val,5,source
003489.png,chihuahua,val,5,source
003501.png,chihuahua,val,5,source
003504.png,chihuahua,val,5,source
003512.png,chihuahua,val,5,source
003513.png,chihuahua,val,5,source
003520.png,chihuahua,val,5,source
003546.png,chihuahua,val,5,source
003547.png,chihuahua,val,5,source
003553.png,chihuahua,val,5,source
003560.png,chihuahua,val,5,source
003570.png,chihuahua,val,5,source
003575.png,chihuahua,val,5,source
003581.png,chihuahua,val,5,source
003602.png,chihuahua,val,5,source
003609.png,chihuahua,val,5,source
003611.png,chihuahua,val,5,source
003640.png,chihuahua,val,5,source
003646.png,chihuahua,val,5,source
003670.png,chihuahua,val,5,source
003671.png,chihuahua,val,5,source
003694.png,chihuahua,val,5,source
003718.png,chihuahua,val,5,source
003726.png,chihuahua,val,5,source
003727.png,chihuahua,val,5,source
003740.png,chihuahua,val,5,source
003768.png,chihuahua,val,5,source
003770.png,chihuahua,val,5,source
003771.png,chihuahua,val,5,source
003780.png,chihuahua,val,5,source
003783.png,chihuahua,val,5,source
003784.png,chihuahua,val,5,source
003794.png,chihuahua,val,5,source
003796.png,chihuahua,val,5,source
003804.png,chihuahua,val,5,source
003805.png,chihuahua,val,5,source
003806.png,chihuahua,val,5,source
003810.png,chihuahua,val,5,source
003820.png,chihuahua,val,5,source
003827.png,chihuahua,val,5,source
003843.png,chihuahua,val,5,source
003850.png,chihuahua,val,5,source
003859.png,chihuahua,val,5,source
003898.png,chihuahua,val,5,source
003910.png,chihuahua,val,5,source
003911.png,chihuahua,val,5,source
003926.png,chihuahua,val,5,source
003929.png,chihuahua,val,5,source
003932.png,chihuahua,val,5,source
003937.png,chihuahua,val,5,source
003945.png,chihuahua,val,5,source
003953.png,chihuahua,val,5,source
003986.png,chihuahua,val,5,source
003995.png,chihuahua,val,5,source
004011.png,chihuahua,val,5,source
004012.png,chihuahua,val,5,source
004013.png,chihuahua,val,5,source
004024.png,chihuahua,val,5,source
004032.png,chihuahua,val,5,source
004036.png,chihuahua,val,5,source
004044.png,chihuahua,val,5,source
004059.png,chihuahua,val,5,source
004076.png,chihuahua,val,5,source
004091.png,chihuahua,test,5,source
004095.png,chihuahua,test,5,source
004121.png,chihuahua,test,5,source
004122.png,chihuahua,test,5,source
004131.png,chihuahua,test,5,source
004141.png,chihuahua,test,5,source
004147.png,chihuahua,test,5,source
004166.png,chihuahua,test,5,source
004177.png,chihuahua,test,5,source
004214.png,chihuahua,test,5,source
004219.png,chihuahua,test,5,source
004236.png,chihuahua,test,5,source
004244.png,chihuahua,test,5,source
004264.png,chihuahua,test,5,source
004285.png,chihuahua,test,5,source
004290.png,chihuahua,test,5,source
004295.png,chihuahua,test,5,source
004299.png,chihuahua,test,5,source
004312.png,chihuahua,test,5,source
004320.png,chihuahua,test,5,source
004321.png,chihuahua,test,5,source
004341.png,chihuahua,test,5,source
004361.png,chihuahua,test,5,source
004374.png,chihuahua,test,5,source
004376.png,chihuahua,test,5,source
004380.png,chihuahua,test,5,source
004383.png,chihuahua,test,5,source
004386.png,chihuahua,test,5,source
004395.png,chihuahua,test,5,source
004399.png,chihuahua,test,5,source
004407.png,chihuahua,test,5,source
004413.png,chihuahua,test,5,source
004415.png,chihuahua,test,5,source
004427.png,chihuahua,test,5,source
004438.png,chihuahua,test,5,source
004450.png,chihuahua,test,5,source
004462.png,chihuahua,test,5,source
004465.png,chihuahua,test,5,source
004507.png,chihuahua,test,5,source
004514.png,chihuahua,test,5,source
004515.png,chihuahua,test,5,source
004528.png,chihuahua,test,5,source
004529.png,chihuahua,test,5,source
004537.png,chihuahua,test,5,source
004540.png,chihuahua,test,5,source
004554.png,chihuahua,test,5,source
004557.png,chihuahua,test,5,source
004561.png,chihuahua,test,5,source
004577.png,chihuahua,test,5,source
004583.png,chihuahua,test,5,source
004584.png,chihuahua,test,5,source
004585.png,chihuahua,test,5,source
004586.png,chihuahua,test,5,source
004587.png,chihuahua,test,5,source
004591.png,chihuahua,test,5,source
004621.png,chihuahua,test,5,source
004633.png,chihuahua,test,5,source
004636.png,chihuahua,test,5,source
004640.png,chihuahua,test,5,source
004643.png,chihuahua,test,5,source
004657.png,chihuahua,test,5,source
004674.png,chihuahua,test,5,source
004692.png,chihuahua,test,5,source
004723.png,chihuahua,test,5,source
004732.png,chihuahua,test,5,source
004746.png,chihuahua,test,5,source
004753.png,chihuahua,test,5,source
004755.png,chihuahua,test,5,source
004779.png,chihuahua,test,5,source
004815.png,chihuahua,test,5,source
004818.png,chihuahua,test,5,source
004824.png,chihuahua,test,5,source
004859.png,chihuahua,test,5,source
004864.png,chihuahua,test,5,source
004871.png,chihuahua,test,5,source
004878.png,chihuahua,test,5,source
004881.png,chihuahua,test,5,source
004883.png,chihuahua,test,5,source
004914.png,chihuahua,test,5,source
004916.png,chihuahua,test,5,source
004924.png,chihuahua,test,5,source
004925.png,chihuahua,test,5,source
004928.png,chihuahua,test,5,source
004936.png,chihuahua,test,5,source
004956.png,chihuahua,test,5,source
004966.png,chihuahua,test,5,source
004967.png,chihuahua,test,5,source
004975.png,chihuahua,test,5,source
004981.png,chihuahua,test,5,source
004995.png,chihuahua,test,5,source
005002.png,chihuahua,test,5,source
005015.png,chihuahua,test,5,source
005022.png,chihuahua,test,5,source
005026.png,chihuahua,test,5,source
005034.png,chihuahua,test,5,source
005036.png,chihuahua,test,5,source
005040.png,chihuahua,test,5,source
005057.png,chihuahua,test,5,source
005065.png,chihuahua,test,5,source
005068.png,chihuahua,test,5,source
005077.png,chihuahua,test,5,source
005092.png,chihuahua,test,5,source
005096.png,chihuahua,test,5,source
005101.png,chihuahua,test,5,source
005108.png,chihuahua,test,5,source
005109.png,chihuahua,test,5,source
005118.png,chihuahua,test,5,source
005122.png,chihuahua,test,5,source
005125.png,chihuahua,test,5,source
005134.png,chihuahua,test,5,source
005150.png,chihuahua,test,5,source
005159.png,chihuahua,test,5,source
005169.png,chihuahua,test,5,source
005174.png,chihuahua,test,5,source
005178.png,chihuahua,test,5,source
005181.png,chihuahua,test,5,source
005187.png,chihuahua,test,5,source
005191.png,chihuahua,test,5,source
005196.png,chihuahua,test,5,source
005197.png,chihuahua,test,5,source
005203.png,chihuahua,test,5,source
005216.png,chihuahua,test,5,source
005226.png,chihuahua,test,5,source
005230.png,chihuahua,test,5,source
005233.png,chihuahua,test,5,source
005244.png,chihuahua,test,5,source
005247.png,chihuahua,test,5,source
005262.png,chihuahua,test,5,source
005295.png,chihuahua,test,5,source
005297.png,chihuahua,test,5,source
005303.png,chihuahua,test,5,source
005312.png,chihuahua,test,5,source
005321.png,chihuahua,test,5,source
005329.png,chihuahua,test,5,source
005335.png,chihuahua,test,5,source
005347.png,chihuahua,test,5,source
005353.png,chihuahua,test,5,source
005358.png,chihuahua,test,5,source
005366.png,chihuahua,test,5,source
005373.png,chihuahua,test,5,source
005380.png,chihuahua,test,5,source
005382.png,chihuahua,test,5,source
005384.png,chihuahua,test,5,source
005398.png,chihuahua,test,5,source
005408.png,chihuahua,test,5,source
005411.png,chihuahua,test,5,source
005421.png,chihuahua,test,5,source
005422.png,chihuahua,test,5,source
005441.png,chihuahua,test,5,source
005447.png,chihuahua,test,5,source
005453.png,chihuahua,,5,source
005462.png,chihuahua,,5,source
005479.png,chihuahua,,5,source
005491.png,chihuahua,,5,source
005493.png,chihuahua,,5,source
005501.png,chihuahua,,5,source
005508.png,chihuahua,,5,source
005531.png,chihuahua,,5,source
005546.png,chihuahua,,5,source
005550.png,chihuahua,,5,source
005552.png,chihuahua,,5,source
005553.png,chihuahua,,5,source
005560.png,chihuahua,,5,source
005565.png,chihuahua,,5,source
005573.png,chihuahua,,5,source
005580.png,chihuahua,,5,source
005584.png,chihuahua,,5,source
005585.png,chihuahua,,5,source
005586.png,chihuahua,,5,source
005590.png,chihuahua,,5,source
005593.png,chihuahua,,5,source
005596.png,chihuahua,,5,source
005618.png,chihuahua,,5,source
005648.png,chihuahua,,5,source
005660.png,chihuahua,,5,source
005676.png,chihuahua,,5,source
005731.png,chihuahua,,5,source
005732.png,chihuahua,,5,source
005733.png,chihuahua,,5,source
005740.png,chihuahua,,5,source
005762.png,chihuahua,,5,source
005801.png,chihuahua,,5,source
005807.png,chihuahua,,5,source
005828.png,chihuahua,,5,source
005840.png,chihuahua,,5,source
005860.png,chihuahua,,5,source
005867.png,chihuahua,,5,source
005902.png,chihuahua,,5,source
005907.png,chihuahua,,5,source
005922.png,chihuahua,,5,source
005928.png,chihuahua,,5,source
005933.png,chihuahua,,5,source
005940.png,chihuahua,,5,source
005942.png,chihuahua,,5,source
005955.png,chihuahua,,5,source
005959.png,chihuahua,,5,source
005969.png,chihuahua,,5,source
005975.png,chihuahua,,5,source
005977.png,chihuahua,,5,source
005995.png,chihuahua,,5,source
006017.png,chihuahua,,5,source
006033.png,chihuahua,,5,source
006034.png,chihuahua,,5,source
006061.png,chihuahua,,5,source
006071.png,chihuahua,,5,source
006073.png,chihuahua,,5,source
006092.png,chihuahua,,5,source
006094.png,chihuahua,,5,source
006115.png,chihuahua,,5,source
006130.png,chihuahua,,5,source
006147.png,chihuahua,,5,source
006176.png,chihuahua,,5,source
006182.png,chihuahua,,5,source
006192.png,chihuahua,,5,source
006205.png,chihuahua,,5,source
006212.png,chihuahua,,5,source
006257.png,chihuahua,,5,source
006260.png,chihuahua,,5,source
006266.png,chihuahua,,5,source
006267.png,chihuahua,,5,source
006286.png,chihuahua,,5,source
006291.png,chihuahua,,5,source
006294.png,chihuahua,,5,source
006300.png,chihuahua,,5,source
006316.png,chihuahua,,5,source
006323.png,chihuahua,,5,source
006338.png,chihuahua,,5,source
006353.png,chihuahua,,5,source
006381.png,chihuahua,,5,source
006407.png,chihuahua,,5,source
006416.png,chihuahua,,5,source
006447.png,chihuahua,,5,source
006460.png,chihuahua,,5,source
006463.png,chihuahua,,5,source
006488.png,chihuahua,,5,source
006489.png,chihuahua,,5,source
006505.png,chihuahua,,5,source
006510.png,chihuahua,,5,source
006518.png,chihuahua,,5,source
006531.png,chihuahua,,5,source
006536.png,chihuahua,,5,source
006541.png,chihuahua,,5,source
006549.png,chihuahua,,5,source
006567.png,chihuahua,,5,source
006573.png,chihuahua,,5,source
006578.png,chihuahua,,5,source
006581.png,chihuahua,,5,source
006590.png,chihuahua,,5,source
006606.png,chihuahua,,5,source
006620.png,chihuahua,,5,source
006623.png,chihuahua,,5,source
006661.png,chihuahua,,5,source
006704.png,chihuahua,,5,source
006709.png,chihuahua,,5,source
006715.png,chihuahua,,5,source
006722.png,chihuahua,,5,source
006723.png,chihuahua,,5,source
006741.png,chihuahua,,5,source
006758.png,chihuahua,,5,source
006759.png,chihuahua,,5,source
006785.png,chihuahua,,5,source
006788.png,chihuahua,,5,source
006810.png,chihuahua,,5,source
006824.png,chihuahua,,5,source
006830.png,chihuahua,,5,source
006842.png,chihuahua,,5,source
006844.png,chihuahua,,5,source
006858.png,chihuahua,,5,source
006864.png,chihuahua,,5,source
006873.png,chihuahua,,5,source
006875.png,chihuahua,,5,source
006878.png,chihuahua,,5,source
006883.png,chihuahua,,5,source
006909.png,chihuahua,,5,source
006950.png,chihuahua,,5,source
006972.png,chihuahua,,5,source
006979.png,chihuahua,,5,source
006983.png,chihuahua,,5,source
006995.png,chihuahua,,5,source
006999.png,chihuahua,,5,source
007021.png,chihuahua,,5,source
007025.png,chihuahua,,5,source
007032.png,chihuahua,,5,source
007049.png,chihuahua,,5,source
007062.png,chihuahua,,5,source
007077.png,chihuahua,,5,source
007082.png,chihuahua,,5,source
007094.png,chihuahua,,5,source
007095.png,chihuahua,,5,source
007097.png,chihuahua,,5,source
007103.png,chihuahua,,5,source
007122.png,chihuahua,,5,source
007131.png,chihuahua,,5,source
007133.png,chihuahua,,5,source
007138.png,chihuahua,,5,source
007160.png,chihuahua,,5,source
007173.png,chihuahua,,5,source
007202.png,chihuahua,,5,source
007215.png,chihuahua,,5,source
007229.png,chihuahua,,5,source
007234.png,chihuahua,,5,source
007235.png,chihuahua,,5,source
007236.png,chihuahua,,5,source
007237.png,chihuahua,,5,source
007250.png,chihuahua,,5,source
007272.png,chihuahua,,5,source
007283.png,chihuahua,,5,source
007285.png,chihuahua,,5,source
007312.png,chihuahua,,5,source
007320.png,chihuahua,,5,source
007330.png,chihuahua,,5,source
007351.png,chihuahua,,5,source
007361.png,chihuahua,,5,source
007363.png,chihuahua,,5,source
007384.png,chihuahua,,5,source
007409.png,chihuahua,,5,source
007416.png,chihuahua,,5,source
007440.png,chihuahua,,5,source
007454.png,chihuahua,,5,source
007457.png,chihuahua,,5,source
007485.png,chihuahua,,5,source
007486.png,chihuahua,,5,source
007505.png,chihuahua,,5,source
007507.png,chihuahua,,5,source
007520.png,chihuahua,,5,source
007534.png,chihuahua,,5,source
007548.png,chihuahua,,5,source
007564.png,chihuahua,,5,source
007567.png,chihuahua,,5,source
007573.png,chihuahua,,5,source
007583.png,chihuahua,,5,source
007588.png,chihuahua,,5,source
007594.png,chihuahua,,5,source
007597.png,chihuahua,,5,source
007601.png,chihuahua,,5,source
007626.png,chihuahua,,5,source
007643.png,chihuahua,,5,source
007648.png,chihuahua,,5,source
007689.png,chihuahua,,5,source
007700.png,chihuahua,,5,source
007713.png,chihuahua,,5,source
007714.png,chihuahua,,5,source
007717.png,chihuahua,,5,source
007721.png,chihuahua,,5,source
007737.png,chihuahua,,5,source
007739.png,chihuahua,,5,source
007742.png,chihuahua,,5,source
007747.png,chihuahua,,5,source
007775.png,chihuahua,,5,source
007778.png,chihuahua,,5,source
007791.png,chihuahua,,5,source
007804.png,chihuahua,,5,source
007809.png,chihuahua,,5,source
007817.png,chihuahua,,5,source
007819.png,chihuahua,,5,source
007820.png,chihuahua,,5,source
007821.png,chihuahua,,5,source
007834.png,chihuahua,,5,source
007854.png,chihuahua,,5,source
007866.png,chihuahua,,5,source
007868.png,chihuahua,,5,source
007870.png,chihuahua,,5,source
007872.png,chihuahua,,5,source
007873.png,chihuahua,,5,source
007878.png,chihuahua,,5,source
007883.png,chihuahua,,5,source
007896.png,chihuahua,,5,source
007904.png,chihuahua,,5,source
007919.png,chihuahua,,5,source
007921.png,chihuahua,,5,source
007932.png,chihuahua,,5,source
007933.png,chihuahua,,5,source
007934.png,chihuahua,,5,source
007937.png,chihuahua,,5,source
007943.png,chihuahua,,5,source
007951.png,chihuahua,,5,source
007959.png,chihuahua,,5,source
007961.png,chihuahua,,5,source
007966.png,chihuahua,,5,source
007997.png,chihuahua,,5,source
008000.png,chihuahua,,5,source
008015.png,chihuahua,,5,source
008016.png,chihuahua,,5,source
008022.png,chihuahua,,5,source
008035.png,chihuahua,,5,source
008058.png,chihuahua,,5,source
008061.png,chihuahua,,5,source
008069.png,chihuahua,,5,source
008091.png,chihuahua,,5,source
008106.png,chihuahua,,5,source
008111.png,chihuahua,,5,source
008132.png,chihuahua,,5,source
008135.png,chihuahua,,5,source
008137.png,chihuahua,,5,source
008139.png,chihuahua,,5,source
008157.png,chihuahua,,5,source
008178.png,chihuahua,,5,source
008182.png,chihuahua,,5,source
008186.png,chihuahua,,5,source
008188.png,chihuahua,,5,source
008193.png,chihuahua,,5,source
008194.png,chihuahua,,5,source
008205.png,chihuahua,,5,source
008206.png,chihuahua,,5,source
008226.png,chihuahua,,5,source
008228.png,chihuahua,,5,source
008234.png,chihuahua,,5,source
008238.png,chihuahua,,5,source
008249.png,chihuahua,,5,source
008251.png,chihuahua,,5,source
008260.png,chihuahua,,5,source
008263.png,chihuahua,,5,source
008272.png,chihuahua,,5,source
008276.png,chihuahua,,5,source
008277.png,chihuahua,,5,source
008283.png,chihuahua,,5,source
008305.png,chihuahua,,5,source
008318.png,chihuahua,,5,source
008336.png,chihuahua,,5,source
008346.png,chihuahua,,5,source
008359.png,chihuahua,,5,source
008360.png,chihuahua,,5,source
008373.png,chihuahua,,5,source
008378.png,chihuahua,,5,source
008387.png,chihuahua,,5,source
008400.png,chihuahua,,5,source
008414.png,chihuahua,,5,source
008446.png,chihuahua,,5,source
008447.png,chihuahua,,5,source
008450.png,chihuahua,,5,source
008476.png,chihuahua,,5,source
008494.png,chihuahua,,5,source
008503.png,chihuahua,,5,source
008521.png,chihuahua,,5,source
008528.png,chihuahua,,5,source
008547.png,chihuahua,,5,source
008554.png,chihuahua,,5,source
008559.png,chihuahua,,5,source
008566.png,chihuahua,,5,source
008601.png,chihuahua,,5,source
008608.png,chihuahua,,5,source
008622.png,chihuahua,,5,source
008627.png,chihuahua,,5,source
008631.png,chihuahua,,5,source
008633.png,chihuahua,,5,source
008642.png,chihuahua,,5,source
008653.png,chihuahua,,5,source
008674.png,chihuahua,,5,source
008680.png,chihuahua,,5,source
008684.png,chihuahua,,5,source
008686.png,chihuahua,,5,source
008688.png,chihuahua,,5,source
008695.png,chihuahua,,5,source
008702.png,chihuahua,,5,source
008709.png,chihuahua,,5,source
008731.png,chihuahua,,5,source
008738.png,chihuahua,,5,source
008742.png,chihuahua,,5,source
008746.png,chihuahua,,5,source
008749.png,chihuahua,,5,source
008754.png,chihuahua,,5,source
008762.png,chihuahua,,5,source
008763.png,chihuahua,,5,source
008778.png,chihuahua,,5,source
008779.png,chihuahua,,5,source
008796.png,chihuahua,,5,source
008802.png,chihuahua,,5,source
008811.png,chihuahua,,5,source
008814.png,chihuahua,,5,source
008819.png,chihuahua,,5,source
008822.png,chihuahua,,5,source
008829.png,chihuahua,,5,source
008830.png,chihuahua,,5,source
008831.png,chihuahua,,5,source
008836.png,chihuahua,,5,source
008839.png,chihuahua,,5,source
008847.png,chihuahua,,5,source
008870.png,chihuahua,,5,source
008899.png,chihuahua,,5,source
008900.png,chihuahua,,5,source
008905.png,chihuahua,,5,source
008915.png,chihuahua,,5,source
008916.png,chihuahua,,5,source
008926.png,chihuahua,,5,source
008927.png,chihuahua,,5,source
008932.png,chihuahua,,5,source
008938.png,chihuahua,,5,source
008948.png,chihuahua,,5,source
008958.png,chihuahua,,5,source
008962.png,chihuahua,,5,source
008968.png,chihuahua,,5,source
008992.png,chihuahua,,5,source
008999.png,chihuahua,,5,source
009002.png,chihuahua,,5,source
009020.png,chihuahua,,5,source
009023.png,chihuahua,,5,source
009037.png,chihuahua,,5,source
009065.png,chihuahua,,5,source
009082.png,chihuahua,,5,source
009114.png,chihuahua,,5,source
009125.png,chihuahua,,5,source
009129.png,chihuahua,,5,source
009136.png,chihuahua,,5,source
009139.png,chihuahua,,5,source
009142.png,chihuahua,,5,source
009154.png,chihuahua,,5,source
009169.png,chihuahua,,5,source
009177.png,chihuahua,,5,source
009184.png,chihuahua,,5,source
009205.png,chihuahua,,5,source
009231.png,chihuahua,,5,source
009232.png,chihuahua,,5,source
009234.png,chihuahua,,5,source
009236.png,chihuahua,,5,source
009252.png,chihuahua,,5,source
009256.png,chihuahua,,5,source
009261.png,chihuahua,,5,source
009265.png,chihuahua,,5,source
009268.png,chihuahua,,5,source
009277.png,chihuahua,,5,source
009310.png,chihuahua,,5,source
009317.png,chihuahua,,5,source
009331.png,chihuahua,,5,source
009336.png,chihuahua,,5,source
009339.png,chihuahua,,5,source
009348.png,chihuahua,,5,source
009349.png,chihuahua,,5,source
009358.png,chihuahua,,5,source
009360.png,chihuahua,,5,source
009362.png,chihuahua,,5,source
009368.png,chihuahua,,5,source
009372.png,chihuahua,,5,source
009373.png,chihuahua,,5,source
009396.png,chihuahua,,5,source
009397.png,chihuahua,,5,source
009399.png,chihuahua,,5,source
009412.png,chihuahua,,5,source
009420.png,chihuahua,,5,source
009422.png,chihuahua,,5,source
009426.png,chihuahua,,5,source
009428.png,chihuahua,,5,source
009442.png,chihuahua,,5,source
009468.png,chihuahua,,5,source
009482.png,chihuahua,,5,source
009498.png,chihuahua,,5,source
009520.png,chihuahua,,5,source
009544.png,chihuahua,,5,source
009553.png,chihuahua,,5,source
009555.png,chihuahua,,5,source
009558.png,chihuahua,,5,source
009560.png,chihuahua,,5,source
009577.png,chihuahua,,5,source
009581.png,chihuahua,,5,source
009589.png,chihuahua,,5,source
009595.png,chihuahua,,5,source
009602.png,chihuahua,,5,source
009609.png,chihuahua,,5,source
009611.png,chihuahua,,5,source
009627.png,chihuahua,,5,source
009648.png,chihuahua,,5,source
009663.png,chihuahua,,5,source
009684.png,chihuahua,,5,source
009715.png,chihuahua,,5,source
009716.png,chihuahua,,5,source
009725.png,chihuahua,,5,source
009735.png,chihuahua,,5,source
009736.png,chihuahua,,5,source
009739.png,chihuahua,,5,source
009745.png,chihuahua,,5,source
009764.png,chihuahua,,5,source
009780.png,chihuahua,,5,source
009786.png,chihuahua,,5,source
009804.png,chihuahua,,5,source
009830.png,chihuahua,,5,source
009846.png,chihuahua,,5,source
009853.png,chihuahua,,5,source
009874.png,chihuahua,,5,source
009880.png,chihuahua,,5,source
009902.png,chihuahua,,5,source
009904.png,chihuahua,,5,source
009908.png,chihuahua,,5,source
009911.png,chihuahua,,5,source
009918.png,chihuahua,,5,source
009920.png,chihuahua,,5,source
009944.png,chihuahua,,5,source
009954.png,chihuahua,,5,source
009964.png,chihuahua,,5,source
009981.png,chihuahua,,5,source
009984.png,chihuahua,,5,source
009993.png,chihuahua,,5,source
009999.png,chihuahua,,5,source
010002.png,chihuahua,,5,source
010021.png,chihuahua,,5,source
010031.png,chihuahua,,5,source
010032.png,chihuahua,,5,source
010048.png,chihuahua,,5,source
010056.png,chihuahua,,5,source
010058.png,chihuahua,,5,source
010088.png,chihuahua,,5,source
010116.png,chihuahua,,5,source
010119.png,chihuahua,,5,source
010126.png,chihuahua,,5,source
010161.png,chihuahua,,5,source
010162.png,chihuahua,,5,source
010167.png,chihuahua,,5,source
010173.png,chihuahua,,5,source
010197.png,chihuahua,,5,source
010200.png,chihuahua,,5,source
010218.png,chihuahua,,5,source
000006.png,dalmatian,train,4,source
000023.png,dalmatian,train,4,source
000034.png,dalmatian,train,4,source
000037.png,dalmatian,train,4,source
000052.png,dalmatian,train,4,source
000062.png,dalmatian,train,4,source
000069.png,dalmatian,train,4,source
000090.png,dalmatian,train,4,source
000102.png,dalmatian,train,4,source
000126.png,dalmatian,train,4,source
000128.png,dalmatian,train,4,source
000138.png,dalmatian,train,4,source
000142.png,dalmatian,train,4,source
000148.png,dalmatian,train,4,source
000154.png,dalmatian,train,4,source
000157.png,dalmatian,train,4,source
000179.png,dalmatian,train,4,source
000201.png,dalmatian,train,4,source
000217.png,dalmatian,train,4,source
000228.png,dalmatian,train,4,source
000234.png,dalmatian,train,4,source
000247.png,dalmatian,train,4,source
000254.png,dalmatian,train,4,source
000256.png,dalmatian,train,4,source
000258.png,dalmatian,train,4,source
000262.png,dalmatian,train,4,source
000267.png,dalmatian,train,4,source
000289.png,dalmatian,train,4,source
000307.png,dalmatian,train,4,source
000325.png,dalmatian,train,4,source
000328.png,dalmatian,train,4,source
000332.png,dalmatian,train,4,source
000333.png,dalmatian,train,4,source
000335.png,dalmatian,train,4,source
000337.png,dalmatian,train,4,source
000338.png,dalmatian,train,4,source
000363.png,dalmatian,train,4,source
000380.png,dalmatian,train,4,source
000381.png,dalmatian,train,4,source
000384.png,dalmatian,train,4,source
000387.png,dalmatian,train,4,source
000389.png,dalmatian,train,4,source
000421.png,dalmatian,train,4,source
000433.png,dalmatian,train,4,source
000446.png,dalmatian,train,4,source
000455.png,dalmatian,train,4,source
000475.png,dalmatian,train,4,source
000481.png,dalmatian,train,4,source
000499.png,dalmatian,train,4,source
000507.png,dalmatian,train,4,source
000522.png,dalmatian,train,4,source
000534.png,dalmatian,train,4,source
000537.png,dalmatian,train,4,source
000539.png,dalmatian,train,4,source
000557.png,dalmatian,train,4,source
000574.png,dalmatian,train,4,source
000576.png,dalmatian,train,4,source
000586.png,dalmatian,train,4,source
000606.png,dalmatian,train,4,source
000629.png,dalmatian,train,4,source
000630.png,dalmatian,train,4,source
000633.png,dalmatian,train,4,source
000639.png,dalmatian,train,4,source
000640.png,dalmatian,train,4,source
000685.png,dalmatian,train,4,source
000692.png,dalmatian,train,4,source
000695.png,dalmatian,train,4,source
000699.png,dalmatian,train,4,source
000707.png,dalmatian,train,4,source
000717.png,dalmatian,train,4,source
000729.png,dalmatian,train,4,source
000730.png,dalmatian,train,4,source
000754.png,dalmatian,train,4,source
000768.png,dalmatian,train,4,source
000796.png,dalmatian,train,4,source
000799.png,dalmatian,train,4,source
000803.png,dalmatian,train,4,source
000805.png,dalmatian,train,4,source
000824.png,dalmatian,train,4,source
000843.png,dalmatian,train,4,source
000847.png,dalmatian,train,4,source
000857.png,dalmatian,train,4,source
000866.png,dalmatian,train,4,source
000869.png,dalmatian,train,4,source
000871.png,dalmatian,train,4,source
000901.png,dalmatian,train,4,source
000904.png,dalmatian,train,4,source
000914.png,dalmatian,train,4,source
000919.png,dalmatian,train,4,source
000924.png,dalmatian,train,4,source
000944.png,dalmatian,train,4,source
000950.png,dalmatian,train,4,source
000956.png,dalmatian,train,4,source
000971.png,dalmatian,train,4,source
000974.png,dalmatian,train,4,source
000984.png,dalmatian,train,4,source
000989.png,dalmatian,train,4,source
000991.png,dalmatian,train,4,source
001006.png,dalmatian,train,4,source
001015.png,dalmatian,train,4,source
001026.png,dalmatian,train,4,source
001038.png,dalmatian,train,4,source
001039.png,dalmatian,train,4,source
001054.png,dalmatian,train,4,source
001056.png,dalmatian,train,4,source
001069.png,dalmatian,train,4,source
001080.png,dalmatian,train,4,source
001084.png,dalmatian,train,4,source
001085.png,dalmatian,train,4,source
001089.png,dalmatian,train,4,source
001091.png,dalmatian,train,4,source
001096.png,dalmatian,train,4,source
001107.png,dalmatian,train,4,source
001116.png,dalmatian,train,4,source
001129.png,dalmatian,train,4,source
001132.png,dalmatian,train,4,source
001134.png,dalmatian,train,4,source
001161.png,dalmatian,train,4,source
001162.png,dalmatian,train,4,source
001164.png,dalmatian,train,4,source
001176.png,dalmatian,train,4,source
001178.png,dalmatian,train,4,source
001196.png,dalmatian,train,4,source
001200.png,dalmatian,train,4,source
001215.png,dalmatian,train,4,source
001251.png,dalmatian,train,4,source
001269.png,dalmatian,train,4,source
001276.png,dalmatian,train,4,source
001279.png,dalmatian,train,4,source
001285.png,dalmatian,train,4,source
001289.png,dalmatian,train,4,source
001302.png,dalmatian,train,4,source
001349.png,dalmatian,train,4,source
001354.png,dalmatian,train,4,source
001360.png,dalmatian,train,4,source
001369.png,dalmatian,train,4,source
001375.png,dalmatian,train,4,source
001382.png,dalmatian,train,4,source
001403.png,dalmatian,train,4,source
001409.png,dalmatian,train,4,source
001418.png,dalmatian,train,4,source
001426.png,dalmatian,train,4,source
001435.png,dalmatian,train,4,source
001446.png,dalmatian,train,4,source
001447.png,dalmatian,train,4,source
001459.png,dalmatian,train,4,source
001464.png,dalmatian,train,4,source
001469.png,dalmatian,train,4,source
001473.png,dalmatian,train,4,source
001490.png,dalmatian,train,4,source
001491.png,dalmatian,train,4,source
001494.png,dalmatian,train,4,source
001500.png,dalmatian,train,4,source
001506.png,dalmatian,train,4,source
001510.png,dalmatian,train,4,source
001515.png,dalmatian,train,4,source
001518.png,dalmatian,train,4,source
001524.png,dalmatian,train,4,source
001530.png,dalmatian,train,4,source
001534.png,dalmatian,train,4,source
001586.png,dalmatian,train,4,source
001588.png,dalmatian,train,4,source
001596.png,dalmatian,train,4,source
001617.png,dalmatian,train,4,source
001619.png,dalmatian,train,4,source
001622.png,dalmatian,train,4,source
001623.png,dalmatian,train,4,source
001628.png,dalmatian,train,4,source
001634.png,dalmatian,train,4,source
001639.png,dalmatian,train,4,source
001648.png,dalmatian,train,4,source
001657.png,dalmatian,train,4,source
001660.png,dalmatian,train,4,source
001668.png,dalmatian,train,4,source
001673.png,dalmatian,train,4,source
001674.png,dalmatian,train,4,source
001679.png,dalmatian,train,4,source
001703.png,dalmatian,train,4,source
001711.png,dalmatian,train,4,source
001712.png,dalmatian,train,4,source
001731.png,dalmatian,train,4,source
001741.png,dalmatian,train,4,source
001743.png,dalmatian,train,4,source
001744.png,dalmatian,train,4,source
001757.png,dalmatian,train,4,source
001760.png,dalmatian,train,4,source
001769.png,dalmatian,train,4,source
001774.png,dalmatian,train,4,source
001782.png,dalmatian,train,4,source
001786.png,dalmatian,train,4,source
001794.png,dalmatian,train,4,source
001799.png,dalmatian,train,4,source
001812.png,dalmatian,train,4,source
001819.png,dalmatian,train,4,source
001828.png,dalmatian,train,4,source
001833.png,dalmatian,train,4,source
001848.png,dalmatian,train,4,source
001852.png,dalmatian,train,4,source
001861.png,dalmatian,train,4,source
001873.png,dalmatian,train,4,source
001874.png,dalmatian,train,4,source
001883.png,dalmatian,train,4,source
001896.png,dalmatian,train,4,source
001912.png,dalmatian,train,4,source
001926.png,dalmatian,train,4,source
001938.png,dalmatian,train,4,source
001942.png,dalmatian,train,4,source
001947.png,dalmatian,train,4,source
001949.png,dalmatian,train,4,source
001965.png,dalmatian,train,4,source
001989.png,dalmatian,train,4,source
002000.png,dalmatian,train,4,source
002003.png,dalmatian,train,4,source
002010.png,dalmatian,train,4,source
002013.png,dalmatian,train,4,source
002022.png,dalmatian,train,4,source
002023.png,dalmatian,train,4,source
002032.png,dalmatian,train,4,source
002033.png,dalmatian,train,4,source
002038.png,dalmatian,train,4,source
002081.png,dalmatian,train,4,source
002082.png,dalmatian,train,4,source
002091.png,dalmatian,train,4,source
002118.png,dalmatian,train,4,source
002140.png,dalmatian,train,4,source
002151.png,dalmatian,train,4,source
002172.png,dalmatian,train,4,source
002179.png,dalmatian,train,4,source
002182.png,dalmatian,train,4,source
002186.png,dalmatian,train,4,source
002192.png,dalmatian,train,4,source
002202.png,dalmatian,train,4,source
002217.png,dalmatian,train,4,source
002254.png,dalmatian,train,4,source
002259.png,dalmatian,train,4,source
002262.png,dalmatian,train,4,source
002294.png,dalmatian,train,4,source
002301.png,dalmatian,train,4,source
002342.png,dalmatian,train,4,source
002351.png,dalmatian,train,4,source
002370.png,dalmatian,train,4,source
002382.png,dalmatian,train,4,source
002388.png,dalmatian,train,4,source
002392.png,dalmatian,train,4,source
002397.png,dalmatian,train,4,source
002404.png,dalmatian,train,4,source
002424.png,dalmatian,train,4,source
002432.png,dalmatian,train,4,source
002447.png,dalmatian,train,4,source
002457.png,dalmatian,train,4,source
002460.png,dalmatian,val,4,source
002467.png,dalmatian,val,4,source
002479.png,dalmatian,val,4,source
002496.png,dalmatian,val,4,source
002513.png,dalmatian,val,4,source
002515.png,dalmatian,val,4,source
002518.png,dalmatian,val,4,source
002523.png,dalmatian,val,4,source
002527.png,dalmatian,val,4,source
002530.png,dalmatian,val,4,source
002534.png,dalmatian,val,4,source
002550.png,dalmatian,val,4,source
002554.png,dalmatian,val,4,source
002565.png,dalmatian,val,4,source
002572.png,dalmatian,val,4,source
002573.png,dalmatian,val,4,source
002585.png,dalmatian,val,4,source
002594.png,dalmatian,val,4,source
002600.png,dalmatian,val,4,source
002604.png,dalmatian,val,4,source
002614.png,dalmatian,val,4,source
002660.png,dalmatian,val,4,source
002661.png,dalmatian,val,4,source
002665.png,dalmatian,val,4,source
002667.png,dalmatian,val,4,source
002668.png,dalmatian,val,4,source
002685.png,dalmatian,val,4,source
002686.png,dalmatian,val,4,source
002690.png,dalmatian,val,4,source
002694.png,dalmatian,val,4,source
002698.png,dalmatian,val,4,source
002701.png,dalmatian,val,4,source
002721.png,dalmatian,val,4,source
002728.png,dalmatian,val,4,source
002734.png,dalmatian,val,4,source
002736.png,dalmatian,val,4,source
002747.png,dalmatian,val,4,source
002753.png,dalmatian,val,4,source
002756.png,dalmatian,val,4,source
002778.png,dalmatian,val,4,source
002785.png,dalmatian,val,4,source
002790.png,dalmatian,val,4,source
002793.png,dalmatian,val,4,source
002800.png,dalmatian,val,4,source
002811.png,dalmatian,val,4,source
002819.png,dalmatian,val,4,source
002826.png,dalmatian,val,4,source
002834.png,dalmatian,val,4,source
002835.png,dalmatian,val,4,source
002844.png,dalmatian,val,4,source
002862.png,dalmatian,val,4,source
002888.png,dalmatian,val,4,source
002897.png,dalmatian,val,4,source
002940.png,dalmatian,val,4,source
002953.png,dalmatian,val,4,source
002957.png,dalmatian,val,4,source
002969.png,dalmatian,val,4,source
002981.png,dalmatian,val,4,source
002998.png,dalmatian,val,4,source
003004.png,dalmatian,val,4,source
003005.png,dalmatian,val,4,source
003027.png,dalmatian,val,4,source
003048.png,dalmatian,val,4,source
003050.png,dalmatian,val,4,source
003052.png,dalmatian,val,4,source
003065.png,dalmatian,val,4,source
003066.png,dalmatian,val,4,source
003083.png,dalmatian,val,4,source
003100.png,dalmatian,val,4,source
003105.png,dalmatian,val,4,source
003123.png,dalmatian,val,4,source
003128.png,dalmatian,val,4,source
003147.png,dalmatian,val,4,source
003179.png,dalmatian,val,4,source
003202.png,dalmatian,val,4,source
003211.png,dalmatian,val,4,source
003214.png,dalmatian,val,4,source
003229.png,dalmatian,val,4,source
003234.png,dalmatian,val,4,source
003264.png,dalmatian,val,4,source
003274.png,dalmatian,val,4,source
003275.png,dalmatian,val,4,source
003283.png,dalmatian,val,4,source
003295.png,dalmatian,val,4,source
003300.png,dalmatian,val,4,source
003302.png,dalmatian,val,4,source
003308.png,dalmatian,val,4,source
003332.png,dalmatian,val,4,source
003333.png,dalmatian,val,4,source
003341.png,dalmatian,val,4,source
003371.png,dalmatian,val,4,source
003385.png,dalmatian,val,4,source
003387.png,dalmatian,val,4,source
003405.png,dalmatian,val,4,source
003435.png,dalmatian,val,4,source
003439.png,dalmatian,val,4,source
003460.png,dalmatian,val,4,source
003485.png,dalmatian,val,4,source
003493.png,dalmatian,val,4,source
003497.png,dalmatian,val,4,source
003498.png,dalmatian,val,4,source
003502.png,dalmatian,val,4,source
003503.png,dalmatian,val,4,source
003521.png,dalmatian,val,4,source
003524.png,dalmatian,val,4,source
003528.png,dalmatian,val,4,source
003535.png,dalmatian,val,4,source
003539.png,dalmatian,val,4,source
003542.png,dalmatian,val,4,source
003550.png,dalmatian,val,4,source
003563.png,dalmatian,val,4,source
003566.png,dalmatian,val,4,source
003568.png,dalmatian,val,4,source
003585.png,dalmatian,val,4,source
003596.png,dalmatian,val,4,source
003612.png,dalmatian,val,4,source
003614.png,dalmatian,val,4,source
003622.png,dalmatian,val,4,source
003636.png,dalmatian,val,4,source
003638.png,dalmatian,val,4,source
003642.png,dalmatian,val,4,source
003648.png,dalmatian,val,4,source
003663.png,dalmatian,val,4,source
003665.png,dalmatian,val,4,source
003687.png,dalmatian,val,4,source
003700.png,dalmatian,val,4,source
003730.png,dalmatian,val,4,source
003744.png,dalmatian,val,4,source
003772.png,dalmatian,val,4,source
003775.png,dalmatian,val,4,source
003785.png,dalmatian,val,4,source
003789.png,dalmatian,val,4,source
003791.png,dalmatian,val,4,source
003795.png,dalmatian,val,4,source
003833.png,dalmatian,val,4,source
003849.png,dalmatian,val,4,source
003851.png,dalmatian,val,4,source
003855.png,dalmatian,val,4,source
003863.png,dalmatian,val,4,source
003887.png,dalmatian,val,4,source
003908.png,dalmatian,val,4,source
003920.png,dalmatian,val,4,source
003925.png,dalmatian,val,4,source
003947.png,dalmatian,val,4,source
003949.png,dalmatian,val,4,source
003976.png,dalmatian,val,4,source
003999.png,dalmatian,val,4,source
004039.png,dalmatian,val,4,source
004070.png,dalmatian,val,4,source
004071.png,dalmatian,val,4,source
004084.png,dalmatian,test,4,source
004090.png,dalmatian,test,4,source
004092.png,dalmatian,test,4,source
004096.png,dalmatian,test,4,source
004118.png,dalmatian,test,4,source
004129.png,dalmatian,test,4,source
004138.png,dalmatian,test,4,source
004157.png,dalmatian,test,4,source
004164.png,dalmatian,test,4,source
004179.png,dalmatian,test,4,source
004201.png,dalmatian,test,4,source
004210.png,dalmatian,test,4,source
004211.png,dalmatian,test,4,source
004232.png,dalmatian,test,4,source
004247.png,dalmatian,test,4,source
004248.png,dalmatian,test,4,source
004250.png,dalmatian,test,4,source
004253.png,dalmatian,test,4,source
004257.png,dalmatian,test,4,source
004262.png,dalmatian,test,4,source
004267.png,dalmatian,test,4,source
004279.png,dalmatian,test,4,source
004282.png,dalmatian,test,4,source
004303.png,dalmatian,test,4,source
004305.png,dalmatian,test,4,source
004306.png,dalmatian,test,4,source
004307.png,dalmatian,test,4,source
004309.png,dalmatian,test,4,source
004333.png,dalmatian,test,4,source
004338.png,dalmatian,test,4,source
004343.png,dalmatian,test,4,source
004362.png,dalmatian,test,4,source
004378.png,dalmatian,test,4,source
004411.png,dalmatian,test,4,source
004414.png,dalmatian,test,4,source
004426.png,dalmatian,test,4,source
004429.png,dalmatian,test,4,source
004445.png,dalmatian,test,4,source
004469.png,dalmatian,test,4,source
004474.png,dalmatian,test,4,source
004505.png,dalmatian,test,4,source
004520.png,dalmatian,test,4,source
004548.png,dalmatian,test,4,source
004558.png,dalmatian,test,4,source
004563.png,dalmatian,test,4,source
004567.png,dalmatian,test,4,source
004571.png,dalmatian,test,4,source
004573.png,dalmatian,test,4,source
004579.png,dalmatian,test,4,source
004625.png,dalmatian,test,4,source
004626.png,dalmatian,test,4,source
004644.png,dalmatian,test,4,source
004650.png,dalmatian,test,4,source
004658.png,dalmatian,test,4,source
004662.png,dalmatian,test,4,source
004673.png,dalmatian,test,4,source
004677.png,dalmatian,test,4,source
004688.png,dalmatian,test,4,source
004695.png,dalmatian,test,4,source
004706.png,dalmatian,test,4,source
004740.png,dalmatian,test,4,source
004741.png,dalmatian,test,4,source
004742.png,dalmatian,test,4,source
004748.png,dalmatian,test,4,source
004751.png,dalmatian,test,4,source
004754.png,dalmatian,test,4,source
004758.png,dalmatian,test,4,source
004781.png,dalmatian,test,4,source
004788.png,dalmatian,test,4,source
004796.png,dalmatian,test,4,source
004797.png,dalmatian,test,4,source
004850.png,dalmatian,test,4,source
004861.png,dalmatian,test,4,source
004868.png,dalmatian,test,4,source
004870.png,dalmatian,test,4,source
004926.png,dalmatian,test,4,source
004927.png,dalmatian,test,4,source
004948.png,dalmatian,test,4,source
004971.png,dalmatian,test,4,source
004976.png,dalmatian,test,4,source
005019.png,dalmatian,test,4,source
005021.png,dalmatian,test,4,source
005030.png,dalmatian,test,4,source
005031.png,dalmatian,test,4,source
005038.png,dalmatian,test,4,source
005039.png,dalmatian,test,4,source
005044.png,dalmatian,test,4,source
005048.png,dalmatian,test,4,source
005058.png,dalmatian,test,4,source
005062.png,dalmatian,test,4,source
005064.png,dalmatian,test,4,source
005069.png,dalmatian,test,4,source
005075.png,dalmatian,test,4,source
005081.png,dalmatian,test,4,source
005113.png,dalmatian,test,4,source
005117.png,dalmatian,test,4,source
005124.png,dalmatian,test,4,source
005139.png,dalmatian,test,4,source
005156.png,dalmatian,test,4,source
005160.png,dalmatian,test,4,source
005164.png,dalmatian,test,4,source
005166.png,dalmatian,test,4,source
005190.png,dalmatian,test,4,source
005206.png,dalmatian,test,4,source
005211.png,dalmatian,test,4,source
005228.png,dalmatian,test,4,source
005235.png,dalmatian,test,4,source
005246.png,dalmatian,test,4,source
005263.png,dalmatian,test,4,source
005265.png,dalmatian,test,4,source
005267.png,dalmatian,test,4,source
005271.png,dalmatian,test,4,source
005286.png,dalmatian,test,4,source
005287.png,dalmatian,test,4,source
005300.png,dalmatian,test,4,source
005309.png,dalmatian,test,4,source
005322.png,dalmatian,test,4,source
005331.png,dalmatian,test,4,source
005342.png,dalmatian,test,4,source
005363.png,dalmatian,test,4,source
005383.png,dalmatian,test,4,source
005386.png,dalmatian,test,4,source
005394.png,dalmatian,test,4,source
005402.png,dalmatian,test,4,source
005405.png,dalmatian,test,4,source
005416.png,dalmatian,test,4,source
005418.png,dalmatian,test,4,source
005427.png,dalmatian,test,4,source
005433.png,dalmatian,test,4,source
005454.png,dalmatian,test,4,source
005464.png,dalmatian,test,4,source
005465.png,dalmatian,test,4,source
005471.png,dalmatian,test,4,source
005477.png,dalmatian,test,4,source
005484.png,dalmatian,test,4,source
005503.png,dalmatian,test,4,source
005512.png,dalmatian,test,4,source
005513.png,dalmatian,test,4,source
005557.png,dalmatian,test,4,source
005575.png,dalmatian,test,4,source
005579.png,dalmatian,test,4,source
005620.png,dalmatian,test,4,source
005623.png,dalmatian,test,4,source
005626.png,dalmatian,test,4,source
005687.png,dalmatian,test,4,source
005752.png,dalmatian,test,4,source
005760.png,dalmatian,test,4,source
005771.png,dalmatian,test,4,source
005775.png,dalmatian,test,4,source
005780.png,dalmatian,test,4,source
005785.png,dalmatian,,4,source
005789.png,dalmatian,,4,source
005793.png,dalmatian,,4,source
005803.png,dalmatian,,4,source
005804.png,dalmatian,,4,source
005805.png,dalmatian,,4,source
005821.png,dalmatian,,4,source
005843.png,dalmatian,,4,source
005847.png,dalmatian,,4,source
005858.png,dalmatian,,4,source
005859.png,dalmatian,,4,source
005863.png,dalmatian,,4,source
005872.png,dalmatian,,4,source
005876.png,dalmatian,,4,source
005881.png,dalmatian,,4,source
005882.png,dalmatian,,4,source
005888.png,dalmatian,,4,source
005899.png,dalmatian,,4,source
005904.png,dalmatian,,4,source
005919.png,dalmatian,,4,source
005935.png,dalmatian,,4,source
005953.png,dalmatian,,4,source
005956.png,dalmatian,,4,source
005979.png,dalmatian,,4,source
006003.png,dalmatian,,4,source
006016.png,dalmatian,,4,source
006028.png,dalmatian,,4,source
006032.png,dalmatian,,4,source
006037.png,dalmatian,,4,source
006043.png,dalmatian,,4,source
006047.png,dalmatian,,4,source
006060.png,dalmatian,,4,source
006064.png,dalmatian,,4,source
006072.png,dalmatian,,4,source
006083.png,dalmatian,,4,source
006114.png,dalmatian,,4,source
006122.png,dalmatian,,4,source
006135.png,dalmatian,,4,source
006141.png,dalmatian,,4,source
006146.png,dalmatian,,4,source
006154.png,dalmatian,,4,source
006165.png,dalmatian,,4,source
006189.png,dalmatian,,4,source
006209.png,dalmatian,,4,source
006218.png,dalmatian,,4,source
006219.png,dalmatian,,4,source
006226.png,dalmatian,,4,source
006238.png,dalmatian,,4,source
006252.png,dalmatian,,4,source
006255.png,dalmatian,,4,source
006258.png,dalmatian,,4,source
006289.png,dalmatian,,4,source
006292.png,dalmatian,,4,source
006302.png,dalmatian,,4,source
006313.png,dalmatian,,4,source
006327.png,dalmatian,,4,source
006347.png,dalmatian,,4,source
006360.png,dalmatian,,4,source
006365.png,dalmatian,,4,source
006367.png,dalmatian,,4,source
006387.png,dalmatian,,4,source
006391.png,dalmatian,,4,source
006401.png,dalmatian,,4,source
006419.png,dalmatian,,4,source
006423.png,dalmatian,,4,source
006432.png,dalmatian,,4,source
006467.png,dalmatian,,4,source
006470.png,dalmatian,,4,source
006477.png,dalmatian,,4,source
006479.png,dalmatian,,4,source
006481.png,dalmatian,,4,source
006482.png,dalmatian,,4,source
006495.png,dalmatian,,4,source
006501.png,dalmatian,,4,source
006506.png,dalmatian,,4,source
006521.png,dalmatian,,4,source
006538.png,dalmatian,,4,source
006576.png,dalmatian,,4,source
006582.png,dalmatian,,4,source
006586.png,dalmatian,,4,source
006594.png,dalmatian,,4,source
006602.png,dalmatian,,4,source
006603.png,dalmatian,,4,source
006627.png,dalmatian,,4,source
006636.png,dalmatian,,4,source
006663.png,dalmatian,,4,source
006667.png,dalmatian,,4,source
006679.png,dalmatian,,4,source
006686.png,dalmatian,,4,source
006695.png,dalmatian,,4,source
006703.png,dalmatian,,4,source
006706.png,dalmatian,,4,source
006711.png,dalmatian,,4,source
006720.png,dalmatian,,4,source
006726.png,dalmatian,,4,source
006746.png,dalmatian,,4,source
006749.png,dalmatian,,4,source
006756.png,dalmatian,,4,source
006760.png,dalmatian,,4,source
006765.png,dalmatian,,4,source
006770.png,dalmatian,,4,source
006771.png,dalmatian,,4,source
006776.png,dalmatian,,4,source
006784.png,dalmatian,,4,source
006801.png,dalmatian,,4,source
006813.png,dalmatian,,4,source
006814.png,dalmatian,,4,source
006822.png,dalmatian,,4,source
006833.png,dalmatian,,4,source
006852.png,dalmatian,,4,source
006853.png,dalmatian,,4,source
006855.png,dalmatian,,4,source
006872.png,dalmatian,,4,source
006874.png,dalmatian,,4,source
006886.png,dalmatian,,4,source
006893.png,dalmatian,,4,source
006897.png,dalmatian,,4,source
006898.png,dalmatian,,4,source
006905.png,dalmatian,,4,source
006919.png,dalmatian,,4,source
006932.png,dalmatian,,4,source
006945.png,dalmatian,,4,source
006963.png,dalmatian,,4,source
006965.png,dalmatian,,4,source
006974.png,dalmatian,,4,source
006981.png,dalmatian,,4,source
007011.png,dalmatian,,4,source
007013.png,dalmatian,,4,source
007026.png,dalmatian,,4,source
007047.png,dalmatian,,4,source
007058.png,dalmatian,,4,source
007059.png,dalmatian,,4,source
007072.png,dalmatian,,4,source
007084.png,dalmatian,,4,source
007093.png,dalmatian,,4,source
007110.png,dalmatian,,4,source
007123.png,dalmatian,,4,source
007136.png,dalmatian,,4,source
007142.png,dalmatian,,4,source
007159.png,dalmatian,,4,source
007161.png,dalmatian,,4,source
007185.png,dalmatian,,4,source
007197.png,dalmatian,,4,source
007227.png,dalmatian,,4,source
007232.png,dalmatian,,4,source
007252.png,dalmatian,,4,source
007263.png,dalmatian,,4,source
007269.png,dalmatian,,4,source
007282.png,dalmatian,,4,source
007286.png,dalmatian,,4,source
007287.png,dalmatian,,4,source
007300.png,dalmatian,,4,source
007303.png,dalmatian,,4,source
007307.png,dalmatian,,4,source
007348.png,dalmatian,,4,source
007349.png,dalmatian,,4,source
007359.png,dalmatian,,4,source
007362.png,dalmatian,,4,source
007370.png,dalmatian,,4,source
007371.png,dalmatian,,4,source
007399.png,dalmatian,,4,source
007401.png,dalmatian,,4,source
007404.png,dalmatian,,4,source
007405.png,dalmatian,,4,source
007417.png,dalmatian,,4,source
007422.png,dalmatian,,4,source
007424.png,dalmatian,,4,source
007429.png,dalmatian,,4,source
007444.png,dalmatian,,4,source
007455.png,dalmatian,,4,source
007469.png,dalmatian,,4,source
007509.png,dalmatian,,4,source
007535.png,dalmatian,,4,source
007553.png,dalmatian,,4,source
007558.png,dalmatian,,4,source
007575.png,dalmatian,,4,source
007576.png,dalmatian,,4,source
007578.png,dalmatian,,4,source
007586.png,dalmatian,,4,source
007607.png,dalmatian,,4,source
007608.png,dalmatian,,4,source
007613.png,dalmatian,,4,source
007616.png,dalmatian,,4,source
007624.png,dalmatian,,4,source
007629.png,dalmatian,,4,source
007638.png,dalmatian,,4,source
007642.png,dalmatian,,4,source
007652.png,dalmatian,,4,source
007653.png,dalmatian,,4,source
007654.png,dalmatian,,4,source
007659.png,dalmatian,,4,source
007665.png,dalmatian,,4,source
007671.png,dalmatian,,4,source
007674.png,dalmatian,,4,source
007691.png,dalmatian,,4,source
007705.png,dalmatian,,4,source
007707.png,dalmatian,,4,source
007720.png,dalmatian,,4,source
007736.png,dalmatian,,4,source
007746.png,dalmatian,,4,source
007755.png,dalmatian,,4,source
007781.png,dalmatian,,4,source
007784.png,dalmatian,,4,source
007793.png,dalmatian,,4,source
007826.png,dalmatian,,4,source
007832.png,dalmatian,,4,source
007849.png,dalmatian,,4,source
007861.png,dalmatian,,4,source
007869.png,dalmatian,,4,source
007871.png,dalmatian,,4,source
007874.png,dalmatian,,4,source
007890.png,dalmatian,,4,source
007898.png,dalmatian,,4,source
007909.png,dalmatian,,4,source
007911.png,dalmatian,,4,source
007912.png,dalmatian,,4,source
007917.png,dalmatian,,4,source
007950.png,dalmatian,,4,source
007957.png,dalmatian,,4,source
007967.png,dalmatian,,4,source
007976.png,dalmatian,,4,source
007991.png,dalmatian,,4,source
008003.png,dalmatian,,4,source
008009.png,dalmatian,,4,source
008014.png,dalmatian,,4,source
008028.png,dalmatian,,4,source
008031.png,dalmatian,,4,source
008044.png,dalmatian,,4,source
008065.png,dalmatian,,4,source
008083.png,dalmatian,,4,source
008094.png,dalmatian,,4,source
008105.png,dalmatian,,4,source
008140.png,dalmatian,,4,source
008150.png,dalmatian,,4,source
008192.png,dalmatian,,4,source
008198.png,dalmatian,,4,source
008199.png,dalmatian,,4,source
008214.png,dalmatian,,4,source
008235.png,dalmatian,,4,source
008243.png,dalmatian,,4,source
008247.png,dalmatian,,4,source
008273.png,dalmatian,,4,source
008288.png,dalmatian,,4,source
008299.png,dalmatian,,4,source
008312.png,dalmatian,,4,source
008314.png,dalmatian,,4,source
008317.png,dalmatian,,4,source
008321.png,dalmatian,,4,source
008324.png,dalmatian,,4,source
008327.png,dalmatian,,4,source
008335.png,dalmatian,,4,source
008345.png,dalmatian,,4,source
008353.png,dalmatian,,4,source
008385.png,dalmatian,,4,source
008403.png,dalmatian,,4,source
008421.png,dalmatian,,4,source
008427.png,dalmatian,,4,source
008451.png,dalmatian,,4,source
008459.png,dalmatian,,4,source
008461.png,dalmatian,,4,source
008462.png,dalmatian,,4,source
008464.png,dalmatian,,4,source
008475.png,dalmatian,,4,source
008512.png,dalmatian,,4,source
008540.png,dalmatian,,4,source
008542.png,dalmatian,,4,source
008543.png,dalmatian,,4,source
008553.png,dalmatian,,4,source
008577.png,dalmatian,,4,source
008579.png,dalmatian,,4,source
008580.png,dalmatian,,4,source
008581.png,dalmatian,,4,source
008584.png,dalmatian,,4,source
008585.png,dalmatian,,4,source
008595.png,dalmatian,,4,source
008616.png,dalmatian,,4,source
008625.png,dalmatian,,4,source
008648.png,dalmatian,,4,source
008649.png,dalmatian,,4,source
008651.png,dalmatian,,4,source
008666.png,dalmatian,,4,source
008668.png,dalmatian,,4,source
008671.png,dalmatian,,4,source
008675.png,dalmatian,,4,source
008694.png,dalmatian,,4,source
008713.png,dalmatian,,4,source
008717.png,dalmatian,,4,source
008718.png,dalmatian,,4,source
008719.png,dalmatian,,4,source
008726.png,dalmatian,,4,source
008727.png,dalmatian,,4,source
008729.png,dalmatian,,4,source
008732.png,dalmatian,,4,source
008739.png,dalmatian,,4,source
008753.png,dalmatian,,4,source
008761.png,dalmatian,,4,source
008773.png,dalmatian,,4,source
008776.png,dalmatian,,4,source
008782.png,dalmatian,,4,source
008797.png,dalmatian,,4,source
008799.png,dalmatian,,4,source
008821.png,dalmatian,,4,source
008835.png,dalmatian,,4,source
008848.png,dalmatian,,4,source
008856.png,dalmatian,,4,source
008867.png,dalmatian,,4,source
008880.png,dalmatian,,4,source
008886.png,dalmatian,,4,source
008894.png,dalmatian,,4,source
008904.png,dalmatian,,4,source
008921.png,dalmatian,,4,source
008940.png,dalmatian,,4,source
008959.png,dalmatian,,4,source
008964.png,dalmatian,,4,source
008988.png,dalmatian,,4,source
008996.png,dalmatian,,4,source
008998.png,dalmatian,,4,source
009011.png,dalmatian,,4,source
009014.png,dalmatian,,4,source
009017.png,dalmatian,,4,source
009034.png,dalmatian,,4,source
009048.png,dalmatian,,4,source
009049.png,dalmatian,,4,source
009056.png,dalmatian,,4,source
009060.png,dalmatian,,4,source
009073.png,dalmatian,,4,source
009074.png,dalmatian,,4,source
009078.png,dalmatian,,4,source
009083.png,dalmatian,,4,source
009084.png,dalmatian,,4,source
009088.png,dalmatian,,4,source
009090.png,dalmatian,,4,source
009096.png,dalmatian,,4,source
009099.png,dalmatian,,4,source
009111.png,dalmatian,,4,source
009116.png,dalmatian,,4,source
009174.png,dalmatian,,4,source
009195.png,dalmatian,,4,source
009220.png,dalmatian,,4,source
009248.png,dalmatian,,4,source
009253.png,dalmatian,,4,source
009257.png,dalmatian,,4,source
009258.png,dalmatian,,4,source
009273.png,dalmatian,,4,source
009293.png,dalmatian,,4,source
009294.png,dalmatian,,4,source
009300.png,dalmatian,,4,source
009312.png,dalmatian,,4,source
009322.png,dalmatian,,4,source
009327.png,dalmatian,,4,source
009357.png,dalmatian,,4,source
009381.png,dalmatian,,4,source
009386.png,dalmatian,,4,source
009407.png,dalmatian,,4,source
009410.png,dalmatian,,4,source
009417.png,dalmatian,,4,source
009423.png,dalmatian,,4,source
009440.png,dalmatian,,4,source
009447.png,dalmatian,,4,source
009453.png,dalmatian,,4,source
009470.png,dalmatian,,4,source
009471.png,dalmatian,,4,source
009481.png,dalmatian,,4,source
009483.png,dalmatian,,4,source
009486.png,dalmatian,,4,source
009491.png,dalmatian,,4,source
009493.png,dalmatian,,4,source
009494.png,dalmatian,,4,source
009508.png,dalmatian,,4,source
009510.png,dalmatian,,4,source
009525.png,dalmatian,,4,source
009552.png,dalmatian,,4,source
009557.png,dalmatian,,4,source
009561.png,dalmatian,,4,source
009580.png,dalmatian,,4,source
009582.png,dalmatian,,4,source
009599.png,dalmatian,,4,source
009619.png,dalmatian,,4,source
009638.png,dalmatian,,4,source
009642.png,dalmatian,,4,source
009645.png,dalmatian,,4,source
009656.png,dalmatian,,4,source
009662.png,dalmatian,,4,source
009682.png,dalmatian,,4,source
009686.png,dalmatian,,4,source
009703.png,dalmatian,,4,source
009708.png,dalmatian,,4,source
009720.png,dalmatian,,4,source
009747.png,dalmatian,,4,source
009749.png,dalmatian,,4,source
009754.png,dalmatian,,4,source
009763.png,dalmatian,,4,source
009772.png,dalmatian,,4,source
009791.png,dalmatian,,4,source
009797.png,dalmatian,,4,source
009801.png,dalmatian,,4,source
009813.png,dalmatian,,4,source
009822.png,dalmatian,,4,source
009827.png,dalmatian,,4,source
009828.png,dalmatian,,4,source
009829.png,dalmatian,,4,source
009837.png,dalmatian,,4,source
009839.png,dalmatian,,4,source
009842.png,dalmatian,,4,source
009856.png,dalmatian,,4,source
009865.png,dalmatian,,4,source
009881.png,dalmatian,,4,source
009883.png,dalmatian,,4,source
009890.png,dalmatian,,4,source
009892.png,dalmatian,,4,source
009894.png,dalmatian,,4,source
009913.png,dalmatian,,4,source
009917.png,dalmatian,,4,source
009927.png,dalmatian,,4,source
009936.png,dalmatian,,4,source
009941.png,dalmatian,,4,source
009946.png,dalmatian,,4,source
009947.png,dalmatian,,4,source
009952.png,dalmatian,,4,source
009965.png,dalmatian,,4,source
009972.png,dalmatian,,4,source
009986.png,dalmatian,,4,source
009988.png,dalmatian,,4,source
010018.png,dalmatian,,4,source
010023.png,dalmatian,,4,source
010029.png,dalmatian,,4,source
010030.png,dalmatian,,4,source
010042.png,dalmatian,,4,source
010044.png,dalmatian,,4,source
010063.png,dalmatian,,4,source
010067.png,dalmatian,,4,source
010090.png,dalmatian,,4,source
010098.png,dalmatian,,4,source
010100.png,dalmatian,,4,source
010103.png,dalmatian,,4,source
010113.png,dalmatian,,4,source
010135.png,dalmatian,,4,source
010140.png,dalmatian,,4,source
010145.png,dalmatian,,4,source
010163.png,dalmatian,,4,source
010165.png,dalmatian,,4,source
010175.png,dalmatian,,4,source
010189.png,dalmatian,,4,source
010198.png,dalmatian,,4,source
010206.png,dalmatian,,4,source
000013.png,great_dane,train,3,source
000025.png,great_dane,train,3,source
000055.png,great_dane,train,3,source
000067.png,great_dane,train,3,source
000076.png,great_dane,train,3,source
000078.png,great_dane,train,3,source
000080.png,great_dane,train,3,source
000083.png,great_dane,train,3,source
000091.png,great_dane,train,3,source
000096.png,great_dane,train,3,source
000097.png,great_dane,train,3,source
000104.png,great_dane,train,3,source
000105.png,great_dane,train,3,source
000113.png,great_dane,train,3,source
000115.png,great_dane,train,3,source
000152.png,great_dane,train,3,source
000153.png,great_dane,train,3,source
000172.png,great_dane,train,3,source
000176.png,great_dane,train,3,source
000187.png,great_dane,train,3,source
000188.png,great_dane,train,3,source
000204.png,great_dane,train,3,source
000215.png,great_dane,train,3,source
000220.png,great_dane,train,3,source
000255.png,great_dane,train,3,source
000257.png,great_dane,train,3,source
000265.png,great_dane,train,3,source
000266.png,great_dane,train,3,source
000270.png,great_dane,train,3,source
000273.png,great_dane,train,3,source
000296.png,great_dane,train,3,source
000320.png,great_dane,train,3,source
000346.png,great_dane,train,3,source
000348.png,great_dane,train,3,source
000366.png,great_dane,train,3,source
000371.png,great_dane,train,3,source
000392.png,great_dane,train,3,source
000396.png,great_dane,train,3,source
000405.png,great_dane,train,3,source
000418.png,great_dane,train,3,source
000457.png,great_dane,train,3,source
000466.png,great_dane,train,3,source
000468.png,great_dane,train,3,source
000473.png,great_dane,train,3,source
000474.png,great_dane,train,3,source
000479.png,great_dane,train,3,source
000487.png,great_dane,train,3,source
000501.png,great_dane,train,3,source
000511.png,great_dane,train,3,source
000521.png,great_dane,train,3,source
000527.png,great_dane,train,3,source
000529.png,great_dane,train,3,source
000532.png,great_dane,train,3,source
000535.png,great_dane,train,3,source
000538.png,great_dane,train,3,source
000545.png,great_dane,train,3,source
000546.png,great_dane,train,3,source
000550.png,great_dane,train,3,source
000559.png,great_dane,train,3,source
000562.png,great_dane,train,3,source
000571.png,great_dane,train,3,source
000572.png,great_dane,train,3,source
000577.png,great_dane,train,3,source
000578.png,great_dane,train,3,source
000579.png,great_dane,train,3,source
000599.png,great_dane,train,3,source
000609.png,great_dane,train,3,source
000615.png,great_dane,train,3,source
000617.png,great_dane,train,3,source
000634.png,great_dane,train,3,source
000638.png,great_dane,train,3,source
000669.png,great_dane,train,3,source
000686.png,great_dane,train,3,source
000690.png,great_dane,train,3,source
000708.png,great_dane,train,3,source
000728.png,great_dane,train,3,source
000733.png,great_dane,train,3,source
000749.png,great_dane,train,3,source
000756.png,great_dane,train,3,source
000759.png,great_dane,train,3,source
000771.png,great_dane,train,3,source
000774.png,great_dane,train,3,source
000780.png,great_dane,train,3,source
000791.png,great_dane,train,3,source
000797.png,great_dane,train,3,source
000810.png,great_dane,train,3,source
000817.png,great_dane,train,3,source
000822.png,great_dane,train,3,source
000835.png,great_dane,train,3,source
000849.png,great_dane,train,3,source
000852.png,great_dane,train,3,source
000853.png,great_dane,train,3,source
000858.png,great_dane,train,3,source
000899.png,great_dane,train,3,source
000900.png,great_dane,train,3,source
000905.png,great_dane,train,3,source
000909.png,great_dane,train,3,source
000920.png,great_dane,train,3,source
000928.png,great_dane,train,3,source
000941.png,great_dane,train,3,source
000948.png,great_dane,train,3,source
000949.png,great_dane,train,3,source
000960.png,great_dane,train,3,source
000972.png,great_dane,train,3,source
000990.png,great_dane,train,3,source
001005.png,great_dane,train,3,source
001008.png,great_dane,train,3,source
001013.png,great_dane,train,3,source
001024.png,great_dane,train,3,source
001027.png,great_dane,train,3,source
001033.png,great_dane,train,3,source
001034.png,great_dane,train,3,source
001035.png,great_dane,train,3,source
001042.png,great_dane,train,3,source
001045.png,great_dane,train,3,source
001047.png,great_dane,train,3,source
001059.png,great_dane,train,3,source
001068.png,great_dane,train,3,source
001070.png,great_dane,train,3,source
001076.png,great_dane,train,3,source
001079.png,great_dane,train,3,source
001090.png,great_dane,train,3,source
001105.png,great_dane,train,3,source
001112.png,great_dane,train,3,source
001119.png,great_dane,train,3,source
001121.png,great_dane,train,3,source
001152.png,great_dane,train,3,source
001157.png,great_dane,train,3,source
001166.png,great_dane,train,3,source
001168.png,great_dane,train,3,source
001175.png,great_dane,train,3,source
001183.png,great_dane,train,3,source
001184.png,great_dane,train,3,source
001190.png,great_dane,train,3,source
001198.png,great_dane,train,3,source
001205.png,great_dane,train,3,source
001230.png,great_dane,train,3,source
001256.png,great_dane,train,3,source
001260.png,great_dane,train,3,source
001278.png,great_dane,train,3,source
001298.png,great_dane,train,3,source
001323.png,great_dane,train,3,source
001331.png,great_dane,train,3,source
001357.png,great_dane,train,3,source
001361.png,great_dane,train,3,source
001381.png,great_dane,train,3,source
001401.png,great_dane,train,3,source
001440.png,great_dane,train,3,source
001450.png,great_dane,train,3,source
001463.png,great_dane,train,3,source
001482.png,great_dane,train,3,source
001484.png,great_dane,train,3,source
001505.png,great_dane,train,3,source
001508.png,great_dane,train,3,source
001514.png,great_dane,train,3,source
001519.png,great_dane,train,3,source
001531.png,great_dane,train,3,source
001562.png,great_dane,train,3,source
001566.png,great_dane,train,3,source
001576.png,great_dane,train,3,source
001578.png,great_dane,train,3,source
001587.png,great_dane,train,3,source
001590.png,great_dane,train,3,source
001620.png,great_dane,train,3,source
001637.png,great_dane,train,3,source
001646.png,great_dane,train,3,source
001651.png,great_dane,train,3,source
001658.png,great_dane,train,3,source
001681.png,great_dane,train,3,source
001686.png,great_dane,train,3,source
001689.png,great_dane,train,3,source
001697.png,great_dane,train,3,source
001699.png,great_dane,train,3,source
001702.png,great_dane,train,3,source
001715.png,great_dane,train,3,source
001717.png,great_dane,train,3,source
001730.png,great_dane,train,3,source
001739.png,great_dane,train,3,source
001762.png,great_dane,train,3,source
001764.png,great_dane,train,3,source
001773.png,great_dane,train,3,source
001783.png,great_dane,train,3,source
001790.png,great_dane,train,3,source
001793.png,great_dane,train,3,source
001800.png,great_dane,train,3,source
001803.png,great_dane,train,3,source
001805.png,great_dane,train,3,source
001808.png,great_dane,train,3,source
001816.png,great_dane,train,3,source
001842.png,great_dane,train,3,source
001843.png,great_dane,train,3,source
001880.png,great_dane,train,3,source
001895.png,great_dane,train,3,source
001911.png,great_dane,train,3,source
001916.png,great_dane,train,3,source
001918.png,great_dane,train,3,source
001923.png,great_dane,train,3,source
001924.png,great_dane,train,3,source
001925.png,great_dane,train,3,source
001929.png,great_dane,train,3,source
001932.png,great_dane,train,3,source
001935.png,great_dane,train,3,source
001953.png,great_dane,train,3,source
001974.png,great_dane,train,3,source
001975.png,great_dane,train,3,source
001979.png,great_dane,train,3,source
001980.png,great_dane,train,3,source
001981.png,great_dane,train,3,source
001986.png,great_dane,train,3,source
002004.png,great_dane,train,3,source
002006.png,great_dane,train,3,source
002017.png,great_dane,train,3,source
002039.png,great_dane,train,3,source
002045.png,great_dane,train,3,source
002053.png,great_dane,train,3,source
002065.png,great_dane,train,3,source
002067.png,great_dane,train,3,source
002074.png,great_dane,train,3,source
002086.png,great_dane,train,3,source
002089.png,great_dane,train,3,source
002096.png,great_dane,train,3,source
002116.png,great_dane,train,3,source
002123.png,great_dane,train,3,source
002125.png,great_dane,train,3,source
002131.png,great_dane,train,3,source
002148.png,great_dane,train,3,source
002152.png,great_dane,train,3,source
002176.png,great_dane,train,3,source
002185.png,great_dane,train,3,source
002229.png,great_dane,train,3,source
002246.png,great_dane,train,3,source
002251.png,great_dane,train,3,source
002261.png,great_dane,train,3,source
002267.png,great_dane,train,3,source
002275.png,great_dane,train,3,source
002286.png,great_dane,train,3,source
002298.png,great_dane,train,3,source
002299.png,great_dane,train,3,source
002302.png,great_dane,train,3,source
002311.png,great_dane,train,3,source
002312.png,great_dane,train,3,source
002326.png,great_dane,train,3,source
002328.png,great_dane,train,3,source
002337.png,great_dane,train,3,source
002359.png,great_dane,train,3,source
002363.png,great_dane,train,3,source
002365.png,great_dane,train,3,source
002371.png,great_dane,train,3,source
002373.png,great_dane,train,3,source
002383.png,great_dane,train,3,source
002385.png,great_dane,val,3,source
002419.png,great_dane,val,3,source
002434.png,great_dane,val,3,source
002453.png,great_dane,val,3,source
002455.png,great_dane,val,3,source
002461.png,great_dane,val,3,source
002466.png,great_dane,val,3,source
002487.png,great_dane,val,3,source
002524.png,great_dane,val,3,source
002536.png,great_dane,val,3,source
002556.png,great_dane,val,3,source
002557.png,great_dane,val,3,source
002566.png,great_dane,val,3,source
002567.png,great_dane,val,3,source
002576.png,great_dane,val,3,source
002577.png,great_dane,val,3,source
002578.png,great_dane,val,3,source
002583.png,great_dane,val,3,source
002593.png,great_dane,val,3,source
002608.png,great_dane,val,3,source
002617.png,great_dane,val,3,source
002619.png,great_dane,val,3,source
002631.png,great_dane,val,3,source
002634.png,great_dane,val,3,source
002641.png,great_dane,val,3,source
002654.png,great_dane,val,3,source
002675.png,great_dane,val,3,source
002678.png,great_dane,val,3,source
002697.png,great_dane,val,3,source
002704.png,great_dane,val,3,source
002711.png,great_dane,val,3,source
002724.png,great_dane,val,3,source
002733.png,great_dane,val,3,source
002737.png,great_dane,val,3,source
002768.png,great_dane,val,3,source
002774.png,great_dane,val,3,source
002777.png,great_dane,val,3,source
002780.png,great_dane,val,3,source
002784.png,great_dane,val,3,source
002786.png,great_dane,val,3,source
002792.png,great_dane,val,3,source
002797.png,great_dane,val,3,source
002806.png,great_dane,val,3,source
002808.png,great_dane,val,3,source
002813.png,great_dane,val,3,source
002817.png,great_dane,val,3,source
002830.png,great_dane,val,3,source
002838.png,great_dane,val,3,source
002850.png,great_dane,val,3,source
002861.png,great_dane,val,3,source
002865.png,great_dane,val,3,source
002866.png,great_dane,val,3,source
002896.png,great_dane,val,3,source
002899.png,great_dane,val,3,source
002901.png,great_dane,val,3,source
002907.png,great_dane,val,3,source
002927.png,great_dane,val,3,source
002934.png,great_dane,val,3,source
002938.png,great_dane,val,3,source
002949.png,great_dane,val,3,source
002954.png,great_dane,val,3,source
002967.png,great_dane,val,3,source
002968.png,great_dane,val,3,source
002993.png,great_dane,val,3,source
002994.png,great_dane,val,3,source
002996.png,great_dane,val,3,source
003002.png,great_dane,val,3,source
003013.png,great_dane,val,3,source
003015.png,great_dane,val,3,source
003045.png,great_dane,val,3,source
003049.png,great_dane,val,3,source
003058.png,great_dane,val,3,source
003071.png,great_dane,val,3,source
003086.png,great_dane,val,3,source
003094.png,great_dane,val,3,source
003106.png,great_dane,val,3,source
003151.png,great_dane,val,3,source
003156.png,great_dane,val,3,source
003159.png,great_dane,val,3,source
003162.png,great_dane,val,3,source
003166.png,great_dane,val,3,source
003172.png,great_dane,val,3,source
003174.png,great_dane,val,3,source
003177.png,great_dane,val,3,source
003197.png,great_dane,val,3,source
003198.png,great_dane,val,3,source
003238.png,great_dane,val,3,source
003248.png,great_dane,val,3,source
003254.png,great_dane,val,3,source
003255.png,great_dane,val,3,source
003263.png,great_dane,val,3,source
003269.png,great_dane,val,3,source
003273.png,great_dane,val,3,source
003296.png,great_dane,val,3,source
003298.png,great_dane,val,3,source
003301.png,great_dane,val,3,source
003313.png,great_dane,val,3,source
003314.png,great_dane,val,3,source
003328.png,great_dane,val,3,source
003351.png,great_dane,val,3,source
003353.png,great_dane,val,3,source
003363.png,great_dane,val,3,source
003376.png,great_dane,val,3,source
003386.png,great_dane,val,3,source
003395.png,great_dane,val,3,source
003397.png,great_dane,val,3,source
003398.png,great_dane,val,3,source
003401.png,great_dane,val,3,source
003407.png,great_dane,val,3,source
003418.png,great_dane,val,3,source
003421.png,great_dane,val,3,source
003446.png,great_dane,val,3,source
003477.png,great_dane,val,3,source
003479.png,great_dane,val,3,source
003482.png,great_dane,val,3,source
003484.png,great_dane,val,3,source
003492.png,great_dane,val,3,source
003495.png,great_dane,val,3,source
003518.png,great_dane,val,3,source
003530.png,great_dane,val,3,source
003538.png,great_dane,val,3,source
003552.png,great_dane,val,3,source
003554.png,great_dane,val,3,source
003561.png,great_dane,val,3,source
003605.png,great_dane,val,3,source
003610.png,great_dane,val,3,source
003625.png,great_dane,val,3,source
003626.png,great_dane,val,3,source
003633.png,great_dane,val,3,source
003634.png,great_dane,val,3,source
003635.png,great_dane,val,3,source
003668.png,great_dane,val,3,source
003672.png,great_dane,val,3,source
003682.png,great_dane,val,3,source
003685.png,great_dane,val,3,source
003688.png,great_dane,val,3,source
003717.png,great_dane,val,3,source
003734.png,great_dane,val,3,source
003747.png,great_dane,val,3,source
003750.png,great_dane,val,3,source
003759.png,great_dane,val,3,source
003761.png,great_dane,val,3,source
003769.png,great_dane,val,3,source
003800.png,great_dane,val,3,source
003802.png,great_dane,val,3,source
003808.png,great_dane,val,3,source
003809.png,great_dane,val,3,source
003812.png,great_dane,val,3,source
003819.png,great_dane,val,3,source
003844.png,great_dane,val,3,source
003854.png,great_dane,test,3,source
003869.png,great_dane,test,3,source
003871.png,great_dane,test,3,source
003879.png,great_dane,test,3,source
003888.png,great_dane,test,3,source
003895.png,great_dane,test,3,source
003900.png,great_dane,test,3,source
003912.png,great_dane,test,3,source
003916.png,great_dane,test,3,source
003917.png,great_dane,test,3,source
003921.png,great_dane,test,3,source
003933.png,great_dane,test,3,source
003950.png,great_dane,test,3,source
003954.png,great_dane,test,3,source
003960.png,great_dane,test,3,source
003968.png,great_dane,test,3,source
003969.png,great_dane,test,3,source
003977.png,great_dane,test,3,source
003989.png,great_dane,test,3,source
003990.png,great_dane,test,3,source
003991.png,great_dane,test,3,source
004046.png,great_dane,test,3,source
004058.png,great_dane,test,3,source
004062.png,great_dane,test,3,source
004067.png,great_dane,test,3,source
004101.png,great_dane,test,3,source
004126.png,great_dane,test,3,source
004168.png,great_dane,test,3,source
004174.png,great_dane,test,3,source
004187.png,great_dane,test,3,source
004208.png,great_dane,test,3,source
004209.png,great_dane,test,3,source
004224.png,great_dane,test,3,source
004231.png,great_dane,test,3,source
004238.png,great_dane,test,3,source
004249.png,great_dane,test,3,source
004251.png,great_dane,test,3,source
004265.png,great_dane,test,3,source
004277.png,great_dane,test,3,source
004280.png,great_dane,test,3,source
004286.png,great_dane,test,3,source
004293.png,great_dane,test,3,source
004300.png,great_dane,test,3,source
004331.png,great_dane,test,3,source
004334.png,great_dane,test,3,source
004337.png,great_dane,test,3,source
004344.png,great_dane,test,3,source
004346.png,great_dane,test,3,source
004353.png,great_dane,test,3,source
004368.png,great_dane,test,3,source
004369.png,great_dane,test,3,source
004375.png,great_dane,test,3,source
004405.png,great_dane,test,3,source
004409.png,great_dane,test,3,source
004418.png,great_dane,test,3,source
004428.png,great_dane,test,3,source
004479.png,great_dane,test,3,source
004486.png,great_dane,test,3,source
004492.png,great_dane,test,3,source
004504.png,great_dane,test,3,source
004527.png,great_dane,test,3,source
004534.png,great_dane,test,3,source
004546.png,great_dane,test,3,source
004547.png,great_dane,test,3,source
004555.png,great_dane,test,3,source
004570.png,great_dane,test,3,source
004594.png,great_dane,test,3,source
004598.png,great_dane,test,3,source
004608.png,great_dane,test,3,source
004609.png,great_dane,test,3,source
004618.png,great_dane,test,3,source
004638.png,great_dane,test,3,source
004645.png,great_dane,test,3,source
004651.png,great_dane,test,3,source
004675.png,great_dane,test,3,source
004682.png,great_dane,test,3,source
004691.png,great_dane,test,3,source
004693.png,great_dane,test,3,source
004704.png,great_dane,test,3,source
004716.png,great_dane,test,3,source
004752.png,great_dane,test,3,source
004762.png,great_dane,test,3,source
004766.png,great_dane,test,3,source
004770.png,great_dane,test,3,source
004772.png,great_dane,test,3,source
004778.png,great_dane,test,3,source
004787.png,great_dane,test,3,source
004791.png,great_dane,test,3,source
004807.png,great_dane,test,3,source
004808.png,great_dane,test,3,source
004819.png,great_dane,test,3,source
004836.png,great_dane,test,3,source
004839.png,great_dane,test,3,source
004846.png,great_dane,test,3,source
004851.png,great_dane,test,3,source
004873.png,great_dane,test,3,source
004879.png,great_dane,test,3,source
004887.png,great_dane,test,3,source
004891.png,great_dane,test,3,source
004895.png,great_dane,test,3,source
004897.png,great_dane,test,3,source
004898.png,great_dane,test,3,source
004929.png,great_dane,test,3,source
004934.png,great_dane,test,3,source
004937.png,great_dane,test,3,source
004965.png,great_dane,test,3,source
004991.png,great_dane,test,3,source
005007.png,great_dane,test,3,source
005014.png,great_dane,test,3,source
005017.png,great_dane,test,3,source
005041.png,great_dane,test,3,source
005049.png,great_dane,test,3,source
005056.png,great_dane,test,3,source
005059.png,great_dane,test,3,source
005060.png,great_dane,test,3,source
005066.png,great_dane,test,3,source
005074.png,great_dane,test,3,source
005087.png,great_dane,test,3,source
005090.png,great_dane,test,3,source
005091.png,great_dane,test,3,source
005105.png,great_dane,test,3,source
005106.png,great_dane,test,3,source
005119.png,great_dane,test,3,source
005130.png,great_dane,test,3,source
005133.png,great_dane,test,3,source
005143.png,great_dane,test,3,source
005144.png,great_dane,test,3,source
005155.png,great_dane,test,3,source
005163.png,great_dane,test,3,source
005176.png,great_dane,test,3,source
005193.png,great_dane,test,3,source
005207.png,great_dane,test,3,source
005210.png,great_dane,test,3,source
005214.png,great_dane,test,3,source
005227.png,great_dane,test,3,source
005252.png,great_dane,test,3,source
005256.png,great_dane,test,3,source
005258.png,great_dane,test,3,source
005272.png,great_dane,test,3,source
005288.png,great_dane,test,3,source
005289.png,great_dane,test,3,source
005293.png,great_dane,test,3,source
005307.png,great_dane,test,3,source
005311.png,great_dane,test,3,source
005320.png,great_dane,test,3,source
005324.png,great_dane,test,3,source
005327.png,great_dane,test,3,source
005336.png,great_dane,test,3,source
005360.png,great_dane,test,3,source
005362.png,great_dane,test,3,source
005367.png,great_dane,,3,source
005381.png,great_dane,,3,source
005429.png,great_dane,,3,source
005430.png,great_dane,,3,source
005452.png,great_dane,,3,source
005473.png,great_dane,,3,source
005483.png,great_dane,,3,source
005504.png,great_dane,,3,source
005511.png,great_dane,,3,source
005516.png,great_dane,,3,source
005526.png,great_dane,,3,source
005536.png,great_dane,,3,source
005559.png,great_dane,,3,source
005564.png,great_dane,,3,source
005571.png,great_dane,,3,source
005578.png,great_dane,,3,source
005605.png,great_dane,,3,source
005633.png,great_dane,,3,source
005636.png,great_dane,,3,source
005668.png,great_dane,,3,source
005673.png,great_dane,,3,source
005681.png,great_dane,,3,source
005689.png,great_dane,,3,source
005693.png,great_dane,,3,source
005735.png,great_dane,,3,source
005744.png,great_dane,,3,source
005761.png,great_dane,,3,source
005770.png,great_dane,,3,source
005773.png,great_dane,,3,source
005781.png,great_dane,,3,source
005811.png,great_dane,,3,source
005818.png,great_dane,,3,source
005826.png,great_dane,,3,source
005830.png,great_dane,,3,source
005831.png,great_dane,,3,source
005832.png,great_dane,,3,source
005835.png,great_dane,,3,source
005841.png,great_dane,,3,source
005846.png,great_dane,,3,source
005851.png,great_dane,,3,source
005853.png,great_dane,,3,source
005866.png,great_dane,,3,source
005874.png,great_dane,,3,source
005892.png,great_dane,,3,source
005896.png,great_dane,,3,source
005898.png,great_dane,,3,source
005905.png,great_dane,,3,source
005912.png,great_dane,,3,source
005913.png,great_dane,,3,source
005914.png,great_dane,,3,source
005921.png,great_dane,,3,source
005937.png,great_dane,,3,source
005946.png,great_dane,,3,source
005951.png,great_dane,,3,source
005958.png,great_dane,,3,source
005961.png,great_dane,,3,source
005963.png,great_dane,,3,source
005968.png,great_dane,,3,source
005980.png,great_dane,,3,source
005983.png,great_dane,,3,source
005996.png,great_dane,,3,source
006007.png,great_dane,,3,source
006018.png,great_dane,,3,source
006021.png,great_dane,,3,source
006044.png,great_dane,,3,source
006087.png,great_dane,,3,source
006088.png,great_dane,,3,source
006118.png,great_dane,,3,source
006129.png,great_dane,,3,source
006133.png,great_dane,,3,source
006140.png,great_dane,,3,source
006166.png,great_dane,,3,source
006179.png,great_dane,,3,source
006186.png,great_dane,,3,source
006190.png,great_dane,,3,source
006235.png,great_dane,,3,source
006236.png,great_dane,,3,source
006241.png,great_dane,,3,source
006256.png,great_dane,,3,source
006268.png,great_dane,,3,source
006269.png,great_dane,,3,source
006283.png,great_dane,,3,source
006293.png,great_dane,,3,source
006297.png,great_dane,,3,source
006299.png,great_dane,,3,source
006305.png,great_dane,,3,source
006309.png,great_dane,,3,source
006311.png,great_dane,,3,source
006326.png,great_dane,,3,source
006334.png,great_dane,,3,source
006337.png,great_dane,,3,source
006339.png,great_dane,,3,source
006345.png,great_dane,,3,source
006346.png,great_dane,,3,source
006351.png,great_dane,,3,source
006366.png,great_dane,,3,source
006369.png,great_dane,,3,source
006370.png,great_dane,,3,source
006372.png,great_dane,,3,source
006373.png,great_dane,,3,source
006393.png,great_dane,,3,source
006403.png,great_dane,,3,source
006405.png,great_dane,,3,source
006408.png,great_dane,,3,source
006412.png,great_dane,,3,source
006421.png,great_dane,,3,source
006425.png,great_dane,,3,source
006430.png,great_dane,,3,source
006450.png,great_dane,,3,source
006454.png,great_dane,,3,source
006490.png,great_dane,,3,source
006502.png,great_dane,,3,source
006512.png,great_dane,,3,source
006514.png,great_dane,,3,source
006522.png,great_dane,,3,source
006524.png,great_dane,,3,source
006526.png,great_dane,,3,source
006527.png,great_dane,,3,source
006528.png,great_dane,,3,source
006557.png,great_dane,,3,source
006558.png,great_dane,,3,source
006572.png,great_dane,,3,source
006583.png,great_dane,,3,source
006599.png,great_dane,,3,source
006619.png,great_dane,,3,source
006624.png,great_dane,,3,source
006630.png,great_dane,,3,source
006640.png,great_dane,,3,source
006641.png,great_dane,,3,source
006645.png,great_dane,,3,source
006646.png,great_dane,,3,source
006650.png,great_dane,,3,source
006674.png,great_dane,,3,source
006684.png,great_dane,,3,source
006691.png,great_dane,,3,source
006694.png,great_dane,,3,source
006697.png,great_dane,,3,source
006702.png,great_dane,,3,source
006731.png,great_dane,,3,source
006754.png,great_dane,,3,source
006762.png,great_dane,,3,source
006763.png,great_dane,,3,source
006773.png,great_dane,,3,source
006775.png,great_dane,,3,source
006782.png,great_dane,,3,source
006790.png,great_dane,,3,source
006795.png,great_dane,,3,source
006806.png,great_dane,,3,source
006815.png,great_dane,,3,source
006835.png,great_dane,,3,source
006846.png,great_dane,,3,source
006859.png,great_dane,,3,source
006860.png,great_dane,,3,source
006865.png,great_dane,,3,source
006866.png,great_dane,,3,source
006885.png,great_dane,,3,source
006894.png,great_dane,,3,source
006901.png,great_dane,,3,source
006938.png,great_dane,,3,source
006939.png,great_dane,,3,source
006941.png,great_dane,,3,source
006947.png,great_dane,,3,source
006960.png,great_dane,,3,source
006967.png,great_dane,,3,source
006969.png,great_dane,,3,source
006971.png,great_dane,,3,source
006980.png,great_dane,,3,source
006985.png,great_dane,,3,source
006990.png,great_dane,,3,source
006994.png,great_dane,,3,source
007000.png,great_dane,,3,source
007015.png,great_dane,,3,source
007018.png,great_dane,,3,source
007078.png,great_dane,,3,source
007087.png,great_dane,,3,source
007088.png,great_dane,,3,source
007100.png,great_dane,,3,source
007106.png,great_dane,,3,source
007108.png,great_dane,,3,source
007111.png,great_dane,,3,source
007117.png,great_dane,,3,source
007126.png,great_dane,,3,source
007129.png,great_dane,,3,source
007130.png,great_dane,,3,source
007134.png,great_dane,,3,source
007146.png,great_dane,,3,source
007149.png,great_dane,,3,source
007164.png,great_dane,,3,source
007167.png,great_dane,,3,source
007175.png,great_dane,,3,source
007204.png,great_dane,,3,source
007217.png,great_dane,,3,source
007233.png,great_dane,,3,source
007249.png,great_dane,,3,source
007259.png,great_dane,,3,source
007268.png,great_dane,,3,source
007274.png,great_dane,,3,source
007277.png,great_dane,,3,source
007284.png,great_dane,,3,source
007321.png,great_dane,,3,source
007334.png,great_dane,,3,source
007345.png,great_dane,,3,source
007346.png,great_dane,,3,source
007353.png,great_dane,,3,source
007365.png,great_dane,,3,source
007366.png,great_dane,,3,source
007375.png,great_dane,,3,source
007380.png,great_dane,,3,source
007383.png,great_dane,,3,source
007385.png,great_dane,,3,source
007402.png,great_dane,,3,source
007407.png,great_dane,,3,source
007430.png,great_dane,,3,source
007441.png,great_dane,,3,source
007445.png,great_dane,,3,source
007460.png,great_dane,,3,source
007467.png,great_dane,,3,source
007475.png,great_dane,,3,source
007489.png,great_dane,,3,source
007492.png,great_dane,,3,source
007494.png,great_dane,,3,source
007501.png,great_dane,,3,source
007514.png,great_dane,,3,source
007531.png,great_dane,,3,source
007539.png,great_dane,,3,source
007543.png,great_dane,,3,source
007544.png,great_dane,,3,source
007554.png,great_dane,,3,source
007561.png,great_dane,,3,source
007579.png,great_dane,,3,source
007584.png,great_dane,,3,source
007606.png,great_dane,,3,source
007612.png,great_dane,,3,source
007614.png,great_dane,,3,source
007620.png,great_dane,,3,source
007636.png,great_dane,,3,source
007669.png,great_dane,,3,source
007676.png,great_dane,,3,source
007684.png,great_dane,,3,source
007687.png,great_dane,,3,source
007693.png,great_dane,,3,source
007696.png,great_dane,,3,source
007698.png,great_dane,,3,source
007702.png,great_dane,,3,source
007719.png,great_dane,,3,source
007727.png,great_dane,,3,source
007769.png,great_dane,,3,source
007772.png,great_dane,,3,source
007777.png,great_dane,,3,source
007783.png,great_dane,,3,source
007796.png,great_dane,,3,source
007799.png,great_dane,,3,source
007800.png,great_dane,,3,source
007814.png,great_dane,,3,source
007845.png,great_dane,,3,source
007850.png,great_dane,,3,source
007863.png,great_dane,,3,source
007867.png,great_dane,,3,source
007885.png,great_dane,,3,source
007906.png,great_dane,,3,source
007927.png,great_dane,,3,source
007952.png,great_dane,,3,source
007962.png,great_dane,,3,source
008004.png,great_dane,,3,source
008013.png,great_dane,,3,source
008052.png,great_dane,,3,source
008053.png,great_dane,,3,source
008056.png,great_dane,,3,source
008068.png,great_dane,,3,source
008074.png,great_dane,,3,source
008087.png,great_dane,,3,source
008100.png,great_dane,,3,source
008104.png,great_dane,,3,source
008119.png,great_dane,,3,source
008131.png,great_dane,,3,source
008134.png,great_dane,,3,source
008141.png,great_dane,,3,source
008154.png,great_dane,,3,source
008161.png,great_dane,,3,source
008168.png,great_dane,,3,source
008180.png,great_dane,,3,source
008181.png,great_dane,,3,source
008208.png,great_dane,,3,source
008211.png,great_dane,,3,source
008242.png,great_dane,,3,source
008245.png,great_dane,,3,source
008282.png,great_dane,,3,source
008284.png,great_dane,,3,source
008286.png,great_dane,,3,source
008302.png,great_dane,,3,source
008306.png,great_dane,,3,source
008310.png,great_dane,,3,source
008330.png,great_dane,,3,source
008343.png,great_dane,,3,source
008348.png,great_dane,,3,source
008366.png,great_dane,,3,source
008381.png,great_dane,,3,source
008383.png,great_dane,,3,source
008396.png,great_dane,,3,source
008406.png,great_dane,,3,source
008409.png,great_dane,,3,source
008432.png,great_dane,,3,source
008445.png,great_dane,,3,source
008456.png,great_dane,,3,source
008457.png,great_dane,,3,source
008474.png,great_dane,,3,source
008485.png,great_dane,,3,source
008486.png,great_dane,,3,source
008520.png,great_dane,,3,source
008523.png,great_dane,,3,source
008529.png,great_dane,,3,source
008557.png,great_dane,,3,source
008561.png,great_dane,,3,source
008582.png,great_dane,,3,source
008586.png,great_dane,,3,source
008588.png,great_dane,,3,source
008600.png,great_dane,,3,source
008602.png,great_dane,,3,source
008603.png,great_dane,,3,source
008604.png,great_dane,,3,source
008612.png,great_dane,,3,source
008618.png,great_dane,,3,source
008623.png,great_dane,,3,source
008626.png,great_dane,,3,source
008655.png,great_dane,,3,source
008658.png,great_dane,,3,source
008659.png,great_dane,,3,source
008673.png,great_dane,,3,source
008676.png,great_dane,,3,source
008690.png,great_dane,,3,source
008698.png,great_dane,,3,source
008699.png,great_dane,,3,source
008750.png,great_dane,,3,source
008757.png,great_dane,,3,source
008771.png,great_dane,,3,source
008787.png,great_dane,,3,source
008795.png,great_dane,,3,source
008813.png,great_dane,,3,source
008820.png,great_dane,,3,source
008826.png,great_dane,,3,source
008841.png,great_dane,,3,source
008842.png,great_dane,,3,source
008861.png,great_dane,,3,source
008891.png,great_dane,,3,source
008895.png,great_dane,,3,source
008897.png,great_dane,,3,source
008923.png,great_dane,,3,source
008930.png,great_dane,,3,source
008934.png,great_dane,,3,source
008943.png,great_dane,,3,source
008952.png,great_dane,,3,source
008969.png,great_dane,,3,source
008980.png,great_dane,,3,source
008986.png,great_dane,,3,source
008997.png,great_dane,,3,source
009005.png,great_dane,,3,source
009008.png,great_dane,,3,source
009030.png,great_dane,,3,source
009039.png,great_dane,,3,source
009050.png,great_dane,,3,source
009063.png,great_dane,,3,source
009071.png,great_dane,,3,source
009072.png,great_dane,,3,source
009091.png,great_dane,,3,source
009093.png,great_dane,,3,source
009094.png,great_dane,,3,source
009098.png,great_dane,,3,source
009101.png,great_dane,,3,source
009102.png,great_dane,,3,source
009104.png,great_dane,,3,source
009108.png,great_dane,,3,source
009110.png,great_dane,,3,source
009113.png,great_dane,,3,source
009127.png,great_dane,,3,source
009128.png,great_dane,,3,source
009133.png,great_dane,,3,source
009147.png,great_dane,,3,source
009153.png,great_dane,,3,source
009164.png,great_dane,,3,source
009166.png,great_dane,,3,source
009173.png,great_dane,,3,source
009180.png,great_dane,,3,source
009214.png,great_dane,,3,source
009222.png,great_dane,,3,source
009235.png,great_dane,,3,source
009267.png,great_dane,,3,source
009275.png,great_dane,,3,source
009279.png,great_dane,,3,source
009298.png,great_dane,,3,source
009301.png,great_dane,,3,source
009330.png,great_dane,,3,source
009340.png,great_dane,,3,source
009345.png,great_dane,,3,source
009353.png,great_dane,,3,source
009354.png,great_dane,,3,source
009361.png,great_dane,,3,source
009409.png,great_dane,,3,source
009441.png,great_dane,,3,source
009444.png,great_dane,,3,source
009449.png,great_dane,,3,source
009456.png,great_dane,,3,source
009465.png,great_dane,,3,source
009467.png,great_dane,,3,source
009476.png,great_dane,,3,source
009478.png,great_dane,,3,source
009480.png,great_dane,,3,source
009487.png,great_dane,,3,source
009497.png,great_dane,,3,source
009504.png,great_dane,,3,source
009518.png,great_dane,,3,source
009532.png,great_dane,,3,source
009535.png,great_dane,,3,source
009536.png,great_dane,,3,source
009538.png,great_dane,,3,source
009585.png,great_dane,,3,source
009590.png,great_dane,,3,source
009604.png,great_dane,,3,source
009608.png,great_dane,,3,source
009610.png,great_dane,,3,source
009615.png,great_dane,,3,source
009629.png,great_dane,,3,source
009631.png,great_dane,,3,source
009639.png,great_dane,,3,source
009657.png,great_dane,,3,source
009673.png,great_dane,,3,source
009675.png,great_dane,,3,source
009676.png,great_dane,,3,source
009680.png,great_dane,,3,source
009687.png,great_dane,,3,source
009693.png,great_dane,,3,source
009695.png,great_dane,,3,source
009700.png,great_dane,,3,source
009701.png,great_dane,,3,source
009707.png,great_dane,,3,source
009714.png,great_dane,,3,source
009719.png,great_dane,,3,source
009731.png,great_dane,,3,source
009750.png,great_dane,,3,source
009752.png,great_dane,,3,source
009755.png,great_dane,,3,source
009756.png,great_dane,,3,source
009761.png,great_dane,,3,source
009770.png,great_dane,,3,source
009785.png,great_dane,,3,source
009790.png,great_dane,,3,source
009792.png,great_dane,,3,source
009821.png,great_dane,,3,source
009831.png,great_dane,,3,source
009836.png,great_dane,,3,source
009851.png,great_dane,,3,source
009866.png,great_dane,,3,source
009868.png,great_dane,,3,source
009878.png,great_dane,,3,source
009882.png,great_dane,,3,source
009939.png,great_dane,,3,source
009940.png,great_dane,,3,source
009950.png,great_dane,,3,source
009960.png,great_dane,,3,source
009962.png,great_dane,,3,source
009967.png,great_dane,,3,source
009977.png,great_dane,,3,source
009992.png,great_dane,,3,source
010006.png,great_dane,,3,source
010016.png,great_dane,,3,source
010034.png,great_dane,,3,source
010039.png,great_dane,,3,source
010062.png,great_dane,,3,source
010080.png,great_dane,,3,source
010107.png,great_dane,,3,source
010110.png,great_dane,,3,source
010111.png,great_dane,,3,source
010143.png,great_dane,,3,source
010147.png,great_dane,,3,source
010152.png,great_dane,,3,source
010154.png,great_dane,,3,source
010174.png,great_dane,,3,source
010177.png,great_dane,,3,source
010182.png,great_dane,,3,source
010187.png,great_dane,,3,source
010210.png,great_dane,,3,source
010219.png,great_dane,,3,source
000001.png,miniature_poodle,train,1,source
000014.png,miniature_poodle,train,1,source
000022.png,miniature_poodle,train,1,source
000026.png,miniature_poodle,train,1,source
000063.png,miniature_poodle,train,1,source
000068.png,miniature_poodle,train,1,source
000095.png,miniature_poodle,train,1,source
000099.png,miniature_poodle,train,1,source
000108.png,miniature_poodle,train,1,source
000119.png,miniature_poodle,train,1,source
000130.png,miniature_poodle,train,1,source
000133.png,miniature_poodle,train,1,source
000141.png,miniature_poodle,train,1,source
000147.png,miniature_poodle,train,1,source
000155.png,miniature_poodle,train,1,source
000160.png,miniature_poodle,train,1,source
000168.png,miniature_poodle,train,1,source
000169.png,miniature_poodle,train,1,source
000193.png,miniature_poodle,train,1,source
000198.png,miniature_poodle,train,1,source
000206.png,miniature_poodle,train,1,source
000229.png,miniature_poodle,train,1,source
000242.png,miniature_poodle,train,1,source
000248.png,miniature_poodle,train,1,source
000252.png,miniature_poodle,train,1,source
000253.png,miniature_poodle,train,1,source
000264.png,miniature_poodle,train,1,source
000271.png,miniature_poodle,train,1,source
000287.png,miniature_poodle,train,1,source
000294.png,miniature_poodle,train,1,source
000295.png,miniature_poodle,train,1,source
000309.png,miniature_poodle,train,1,source
000327.png,miniature_poodle,train,1,source
000340.png,miniature_poodle,train,1,source
000347.png,miniature_poodle,train,1,source
000351.png,miniature_poodle,train,1,source
000375.png,miniature_poodle,train,1,source
000378.png,miniature_poodle,train,1,source
000379.png,miniature_poodle,train,1,source
000411.png,miniature_poodle,train,1,source
000424.png,miniature_poodle,train,1,source
000449.png,miniature_poodle,train,1,source
000458.png,miniature_poodle,train,1,source
000461.png,miniature_poodle,train,1,source
000467.png,miniature_poodle,train,1,source
000476.png,miniature_poodle,train,1,source
000483.png,miniature_poodle,train,1,source
000484.png,miniature_poodle,train,1,source
000492.png,miniature_poodle,train,1,source
000533.png,miniature_poodle,train,1,source
000551.png,miniature_poodle,train,1,source
000555.png,miniature_poodle,train,1,source
000567.png,miniature_poodle,train,1,source
000568.png,miniature_poodle,train,1,source
000570.png,miniature_poodle,train,1,source
000588.png,miniature_poodle,train,1,source
000589.png,miniature_poodle,train,1,source
000598.png,miniature_poodle,train,1,source
000622.png,miniature_poodle,train,1,source
000641.png,miniature_poodle,train,1,source
000644.png,miniature_poodle,train,1,source
000666.png,miniature_poodle,train,1,source
000673.png,miniature_poodle,train,1,source
000679.png,miniature_poodle,train,1,source
000694.png,miniature_poodle,train,1,source
000706.png,miniature_poodle,train,1,source
000710.png,miniature_poodle,train,1,source
000712.png,miniature_poodle,train,1,source
000715.png,miniature_poodle,train,1,source
000723.png,miniature_poodle,train,1,source
000750.png,miniature_poodle,train,1,source
000765.png,miniature_poodle,train,1,source
000782.png,miniature_poodle,train,1,source
000788.png,miniature_poodle,train,1,source
000806.png,miniature_poodle,train,1,source
000809.png,miniature_poodle,train,1,source
000827.png,miniature_poodle,train,1,source
000832.png,miniature_poodle,train,1,source
000846.png,miniature_poodle,train,1,source
000851.png,miniature_poodle,train,1,source
000865.png,miniature_poodle,train,1,source
000867.png,miniature_poodle,train,1,source
000874.png,miniature_poodle,train,1,source
000878.png,miniature_poodle,train,1,source
000881.png,miniature_poodle,train,1,source
000885.png,miniature_poodle,train,1,source
000889.png,miniature_poodle,train,1,source
000896.png,miniature_poodle,train,1,source
000907.png,miniature_poodle,train,1,source
000921.png,miniature_poodle,train,1,source
000925.png,miniature_poodle,train,1,source
000927.png,miniature_poodle,train,1,source
000946.png,miniature_poodle,train,1,source
000952.png,miniature_poodle,train,1,source
000957.png,miniature_poodle,train,1,source
000962.png,miniature_poodle,train,1,source
000966.png,miniature_poodle,train,1,source
000975.png,miniature_poodle,train,1,source
000978.png,miniature_poodle,train,1,source
000983.png,miniature_poodle,train,1,source
000992.png,miniature_poodle,train,1,source
000996.png,miniature_poodle,train,1,source
000999.png,miniature_poodle,train,1,source
001012.png,miniature_poodle,train,1,source
001018.png,miniature_poodle,train,1,source
001049.png,miniature_poodle,train,1,source
001050.png,miniature_poodle,train,1,source
001051.png,miniature_poodle,train,1,source
001061.png,miniature_poodle,train,1,source
001065.png,miniature_poodle,train,1,source
001083.png,miniature_poodle,train,1,source
001099.png,miniature_poodle,train,1,source
001100.png,miniature_poodle,train,1,source
001102.png,miniature_poodle,train,1,source
001111.png,miniature_poodle,train,1,source
001118.png,miniature_poodle,train,1,source
001122.png,miniature_poodle,train,1,source
001128.png,miniature_poodle,train,1,source
001131.png,miniature_poodle,train,1,source
001181.png,miniature_poodle,train,1,source
001192.png,miniature_poodle,train,1,source
001197.png,miniature_poodle,train,1,source
001206.png,miniature_poodle,train,1,source
001207.png,miniature_poodle,train,1,source
001217.png,miniature_poodle,train,1,source
001222.png,miniature_poodle,train,1,source
001224.png,miniature_poodle,train,1,source
001227.png,miniature_poodle,train,1,source
001239.png,miniature_poodle,train,1,source
001241.png,miniature_poodle,train,1,source
001243.png,miniature_poodle,train,1,source
001253.png,miniature_poodle,train,1,source
001275.png,miniature_poodle,train,1,source
001280.png,miniature_poodle,train,1,source
001287.png,miniature_poodle,train,1,source
001304.png,miniature_poodle,train,1,source
001307.png,miniature_poodle,train,1,source
001316.png,miniature_poodle,train,1,source
001332.png,miniature_poodle,train,1,source
001333.png,miniature_poodle,train,1,source
001341.png,miniature_poodle,train,1,source
001353.png,miniature_poodle,train,1,source
001374.png,miniature_poodle,train,1,source
001384.png,miniature_poodle,train,1,source
001385.png,miniature_poodle,train,1,source
001387.png,miniature_poodle,train,1,source
001400.png,miniature_poodle,train,1,source
001410.png,miniature_poodle,train,1,source
001411.png,miniature_poodle,train,1,source
001419.png,miniature_poodle,train,1,source
001441.png,miniature_poodle,train,1,source
001468.png,miniature_poodle,train,1,source
001485.png,miniature_poodle,train,1,source
001521.png,miniature_poodle,train,1,source
001528.png,miniature_poodle,train,1,source
001532.png,miniature_poodle,train,1,source
001543.png,miniature_poodle,train,1,source
001548.png,miniature_poodle,train,1,source
001550.png,miniature_poodle,train,1,source
001598.png,miniature_poodle,train,1,source
001612.png,miniature_poodle,train,1,source
001614.png,miniature_poodle,train,1,source
001616.png,miniature_poodle,train,1,source
001626.png,miniature_poodle,train,1,source
001632.png,miniature_poodle,train,1,source
001635.png,miniature_poodle,train,1,source
001641.png,miniature_poodle,train,1,source
001675.png,miniature_poodle,train,1,source
001683.png,miniature_poodle,train,1,source
001691.png,miniature_poodle,train,1,source
001692.png,miniature_poodle,train,1,source
001706.png,miniature_poodle,train,1,source
001707.png,miniature_poodle,train,1,source
001709.png,miniature_poodle,train,1,source
001716.png,miniature_poodle,train,1,source
001719.png,miniature_poodle,train,1,source
001732.png,miniature_poodle,train,1,source
001745.png,miniature_poodle,train,1,source
001770.png,miniature_poodle,train,1,source
001775.png,miniature_poodle,train,1,source
001777.png,miniature_poodle,train,1,source
001788.png,miniature_poodle,train,1,source
001814.png,miniature_poodle,train,1,source
001823.png,miniature_poodle,train,1,source
001824.png,miniature_poodle,train,1,source
001827.png,miniature_poodle,train,1,source
001836.png,miniature_poodle,train,1,source
001845.png,miniature_poodle,train,1,source
001857.png,miniature_poodle,train,1,source
001865.png,miniature_poodle,train,1,source
001901.png,miniature_poodle,train,1,source
001921.png,miniature_poodle,train,1,source
001930.png,miniature_poodle,train,1,source
001931.png,miniature_poodle,train,1,source
001933.png,miniature_poodle,train,1,source
001945.png,miniature_poodle,train,1,source
001950.png,miniature_poodle,train,1,source
001951.png,miniature_poodle,train,1,source
001964.png,miniature_poodle,train,1,source
001978.png,miniature_poodle,train,1,source
001997.png,miniature_poodle,train,1,source
002002.png,miniature_poodle,train,1,source
002029.png,miniature_poodle,train,1,source
002037.png,miniature_poodle,train,1,source
002050.png,miniature_poodle,train,1,source
002070.png,miniature_poodle,train,1,source
002073.png,miniature_poodle,train,1,source
002075.png,miniature_poodle,train,1,source
002106.png,miniature_poodle,train,1,source
002120.png,miniature_poodle,train,1,source
002124.png,miniature_poodle,train,1,source
002134.png,miniature_poodle,train,1,source
002144.png,miniature_poodle,train,1,source
002168.png,miniature_poodle,train,1,source
002180.png,miniature_poodle,train,1,source
002206.png,miniature_poodle,train,1,source
002209.png,miniature_poodle,train,1,source
002218.png,miniature_poodle,train,1,source
002222.png,miniature_poodle,train,1,source
002247.png,miniature_poodle,train,1,source
002256.png,miniature_poodle,train,1,source
002260.png,miniature_poodle,train,1,source
002307.png,miniature_poodle,train,1,source
002313.png,miniature_poodle,train,1,source
002315.png,miniature_poodle,train,1,source
002325.png,miniature_poodle,train,1,source
002330.png,miniature_poodle,train,1,source
002331.png,miniature_poodle,train,1,source
002335.png,miniature_poodle,train,1,source
002336.png,miniature_poodle,train,1,source
002346.png,miniature_poodle,train,1,source
002348.png,miniature_poodle,train,1,source
002354.png,miniature_poodle,train,1,source
002364.png,miniature_poodle,train,1,source
002367.png,miniature_poodle,train,1,source
002368.png,miniature_poodle,train,1,source
002381.png,miniature_poodle,train,1,source
002384.png,miniature_poodle,train,1,source
002387.png,miniature_poodle,train,1,source
002390.png,miniature_poodle,train,1,source
002405.png,miniature_poodle,train,1,source
002438.png,miniature_poodle,train,1,source
002439.png,miniature_poodle,train,1,source
002441.png,miniature_poodle,train,1,source
002450.png,miniature_poodle,train,1,source
002464.png,miniature_poodle,train,1,source
002468.png,miniature_poodle,train,1,source
002470.png,miniature_poodle,train,1,source
002481.png,miniature_poodle,train,1,source
002486.png,miniature_poodle,train,1,source
002492.png,miniature_poodle,val,1,source
002537.png,miniature_poodle,val,1,source
002552.png,miniature_poodle,val,1,source
002564.png,miniature_poodle,val,1,source
002575.png,miniature_poodle,val,1,source
002582.png,miniature_poodle,val,1,source
002592.png,miniature_poodle,val,1,source
002616.png,miniature_poodle,val,1,source
002620.png,miniature_poodle,val,1,source
002658.png,miniature_poodle,val,1,source
002691.png,miniature_poodle,val,1,source
002693.png,miniature_poodle,val,1,source
002695.png,miniature_poodle,val,1,source
002713.png,miniature_poodle,val,1,source
002719.png,miniature_poodle,val,1,source
002726.png,miniature_poodle,val,1,source
002738.png,miniature_poodle,val,1,source
002740.png,miniature_poodle,val,1,source
002744.png,miniature_poodle,val,1,source
002745.png,miniature_poodle,val,1,source
002754.png,miniature_poodle,val,1,source
002764.png,miniature_poodle,val,1,source
002765.png,miniature_poodle,val,1,source
002767.png,miniature_poodle,val,1,source
002779.png,miniature_poodle,val,1,source
002782.png,miniature_poodle,val,1,source
002787.png,miniature_poodle,val,1,source
002801.png,miniature_poodle,val,1,source
002803.png,miniature_poodle,val,1,source
002809.png,miniature_poodle,val,1,source
002824.png,miniature_poodle,val,1,source
002825.png,miniature_poodle,val,1,source
002837.png,miniature_poodle,val,1,source
002845.png,miniature_poodle,val,1,source
002855.png,miniature_poodle,val,1,source
002856.png,miniature_poodle,val,1,source
002858.png,miniature_poodle,val,1,source
002859.png,miniature_poodle,val,1,source
002871.png,miniature_poodle,val,1,source
002893.png,miniature_poodle,val,1,source
002917.png,miniature_poodle,val,1,source
002919.png,miniature_poodle,val,1,source
002923.png,miniature_poodle,val,1,source
002925.png,miniature_poodle,val,1,source
002928.png,miniature_poodle,val,1,source
002937.png,miniature_poodle,val,1,source
002950.png,miniature_poodle,val,1,source
002951.png,miniature_poodle,val,1,source
002963.png,miniature_poodle,val,1,source
002964.png,miniature_poodle,val,1,source
002976.png,miniature_poodle,val,1,source
002977.png,miniature_poodle,val,1,source
002997.png,miniature_poodle,val,1,source
003011.png,miniature_poodle,val,1,source
003016.png,miniature_poodle,val,1,source
003024.png,miniature_poodle,val,1,source
003025.png,miniature_poodle,val,1,source
003053.png,miniature_poodle,val,1,source
003059.png,miniature_poodle,val,1,source
003070.png,miniature_poodle,val,1,source
003074.png,miniature_poodle,val,1,source
003119.png,miniature_poodle,val,1,source
003120.png,miniature_poodle,val,1,source
003124.png,miniature_poodle,val,1,source
003134.png,miniature_poodle,val,1,source
003135.png,miniature_poodle,val,1,source
003163.png,miniature_poodle,val,1,source
003164.png,miniature_poodle,val,1,source
003178.png,miniature_poodle,val,1,source
003181.png,miniature_poodle,val,1,source
003188.png,miniature_poodle,val,1,source
003200.png,miniature_poodle,val,1,source
003203.png,miniature_poodle,val,1,source
003215.png,miniature_poodle,val,1,source
003217.png,miniature_poodle,val,1,source
003235.png,miniature_poodle,val,1,source
003239.png,miniature_poodle,val,1,source
003245.png,miniature_poodle,val,1,source
003250.png,miniature_poodle,val,1,source
003256.png,miniature_poodle,val,1,source
003259.png,miniature_poodle,val,1,source
003268.png,miniature_poodle,val,1,source
003299.png,miniature_poodle,val,1,source
003305.png,miniature_poodle,val,1,source
003310.png,miniature_poodle,val,1,source
003312.png,miniature_poodle,val,1,source
003319.png,miniature_poodle,val,1,source
003327.png,miniature_poodle,val,1,source
003335.png,miniature_poodle,val,1,source
003344.png,miniature_poodle,val,1,source
003370.png,miniature_poodle,val,1,source
003375.png,miniature_poodle,val,1,source
003380.png,miniature_poodle,val,1,source
003384.png,miniature_poodle,val,1,source
003402.png,miniature_poodle,val,1,source
003411.png,miniature_poodle,val,1,source
003428.png,miniature_poodle,val,1,source
003430.png,miniature_poodle,val,1,source
003431.png,miniature_poodle,val,1,source
003457.png,miniature_poodle,val,1,source
003468.png,miniature_poodle,val,1,source
003469.png,miniature_poodle,val,1,source
003478.png,miniature_poodle,val,1,source
003496.png,miniature_poodle,val,1,source
003509.png,miniature_poodle,val,1,source
003511.png,miniature_poodle,val,1,source
003514.png,miniature_poodle,val,1,source
003529.png,miniature_poodle,val,1,source
003532.png,miniature_poodle,val,1,source
003534.png,miniature_poodle,val,1,source
003544.png,miniature_poodle,val,1,source
003548.png,miniature_poodle,val,1,source
003571.png,miniature_poodle,val,1,source
003579.png,miniature_poodle,val,1,source
003603.png,miniature_poodle,val,1,source
003607.png,miniature_poodle,val,1,source
003608.png,miniature_poodle,val,1,source
003655.png,miniature_poodle,val,1,source
003660.png,miniature_poodle,val,1,source
003686.png,miniature_poodle,val,1,source
003695.png,miniature_poodle,val,1,source
003709.png,miniature_poodle,val,1,source
003710.png,miniature_poodle,val,1,source
003721.png,miniature_poodle,val,1,source
003733.png,miniature_poodle,val,1,source
003741.png,miniature_poodle,val,1,source
003745.png,miniature_poodle,val,1,source
003757.png,miniature_poodle,val,1,source
003766.png,miniature_poodle,val,1,source
003782.png,miniature_poodle,val,1,source
003787.png,miniature_poodle,val,1,source
003816.png,miniature_poodle,val,1,source
003817.png,miniature_poodle,val,1,source
003831.png,miniature_poodle,val,1,source
003846.png,miniature_poodle,val,1,source
003852.png,miniature_poodle,val,1,source
003872.png,miniature_poodle,val,1,source
003878.png,miniature_poodle,val,1,source
003882.png,miniature_poodle,val,1,source
003890.png,miniature_poodle,val,1,source
003901.png,miniature_poodle,val,1,source
003904.png,miniature_poodle,val,1,source
003907.png,miniature_poodle,val,1,source
003914.png,miniature_poodle,val,1,source
003918.png,miniature_poodle,val,1,source
003944.png,miniature_poodle,val,1,source
003948.png,miniature_poodle,val,1,source
003962.png,miniature_poodle,val,1,source
003970.png,miniature_poodle,val,1,source
003973.png,miniature_poodle,val,1,source
003978.png,miniature_poodle,test,1,source
003994.png,miniature_poodle,test,1,source
004000.png,miniature_poodle,test,1,source
004023.png,miniature_poodle,test,1,source
004028.png,miniature_poodle,test,1,source
004031.png,miniature_poodle,test,1,source
004033.png,miniature_poodle,test,1,source
004035.png,miniature_poodle,test,1,source
004041.png,miniature_poodle,test,1,source
004050.png,miniature_poodle,test,1,source
004051.png,miniature_poodle,test,1,source
004052.png,miniature_poodle,test,1,source
004061.png,miniature_poodle,test,1,source
004065.png,miniature_poodle,test,1,source
004068.png,miniature_poodle,test,1,source
004089.png,miniature_poodle,test,1,source
004102.png,miniature_poodle,test,1,source
004107.png,miniature_poodle,test,1,source
004109.png,miniature_poodle,test,1,source
004117.png,miniature_poodle,test,1,source
004123.png,miniature_poodle,test,1,source
004125.png,miniature_poodle,test,1,source
004156.png,miniature_poodle,test,1,source
004200.png,miniature_poodle,test,1,source
004226.png,miniature_poodle,test,1,source
004228.png,miniature_poodle,test,1,source
004229.png,miniature_poodle,test,1,source
004241.png,miniature_poodle,test,1,source
004255.png,miniature_poodle,test,1,source
004259.png,miniature_poodle,test,1,source
004268.png,miniature_poodle,test,1,source
004270.png,miniature_poodle,test,1,source
004272.png,miniature_poodle,test,1,source
004278.png,miniature_poodle,test,1,source
004316.png,miniature_poodle,test,1,source
004326.png,miniature_poodle,test,1,source
004339.png,miniature_poodle,test,1,source
004351.png,miniature_poodle,test,1,source
004352.png,miniature_poodle,test,1,source
004354.png,miniature_poodle,test,1,source
004358.png,miniature_poodle,test,1,source
004373.png,miniature_poodle,test,1,source
004390.png,miniature_poodle,test,1,source
004408.png,miniature_poodle,test,1,source
004412.png,miniature_poodle,test,1,source
004417.png,miniature_poodle,test,1,source
004422.png,miniature_poodle,test,1,source
004425.png,miniature_poodle,test,1,source
004431.png,miniature_poodle,test,1,source
004432.png,miniature_poodle,test,1,source
004437.png,miniature_poodle,test,1,source
004443.png,miniature_poodle,test,1,source
004444.png,miniature_poodle,test,1,source
004447.png,miniature_poodle,test,1,source
004452.png,miniature_poodle,test,1,source
004453.png,miniature_poodle,test,1,source
004468.png,miniature_poodle,test,1,source
004473.png,miniature_poodle,test,1,source
004477.png,miniature_poodle,test,1,source
004487.png,miniature_poodle,test,1,source
004488.png,miniature_poodle,test,1,source
004497.png,miniature_poodle,test,1,source
004524.png,miniature_poodle,test,1,source
004545.png,miniature_poodle,test,1,source
004549.png,miniature_poodle,test,1,source
004552.png,miniature_poodle,test,1,source
004556.png,miniature_poodle,test,1,source
004562.png,miniature_poodle,test,1,source
004602.png,miniature_poodle,test,1,source
004607.png,miniature_poodle,test,1,source
004628.png,miniature_poodle,test,1,source
004631.png,miniature_poodle,test,1,source
004666.png,miniature_poodle,test,1,source
004668.png,miniature_poodle,test,1,source
004683.png,miniature_poodle,test,1,source
004684.png,miniature_poodle,test,1,source
004703.png,miniature_poodle,test,1,source
004705.png,miniature_poodle,test,1,source
004713.png,miniature_poodle,test,1,source
004756.png,miniature_poodle,test,1,source
004765.png,miniature_poodle,test,1,source
004793.png,miniature_poodle,test,1,source
004794.png,miniature_poodle,test,1,source
004801.png,miniature_poodle,test,1,source
004811.png,miniature_poodle,test,1,source
004813.png,miniature_poodle,test,1,source
004822.png,miniature_poodle,test,1,source
004823.png,miniature_poodle,test,1,source
004852.png,miniature_poodle,test,1,source
004853.png,miniature_poodle,test,1,source
004867.png,miniature_poodle,test,1,source
004875.png,miniature_poodle,test,1,source
004882.png,miniature_poodle,test,1,source
004890.png,miniature_poodle,test,1,source
004902.png,miniature_poodle,test,1,source
004904.png,miniature_poodle,test,1,source
004910.png,miniature_poodle,test,1,source
004930.png,miniature_poodle,test,1,source
004952.png,miniature_poodle,test,1,source
004957.png,miniature_poodle,test,1,source
004972.png,miniature_poodle,test,1,source
004980.png,miniature_poodle,test,1,source
004988.png,miniature_poodle,test,1,source
004998.png,miniature_poodle,test,1,source
005013.png,miniature_poodle,test,1,source
005016.png,miniature_poodle,test,1,source
005028.png,miniature_poodle,test,1,source
005042.png,miniature_poodle,test,1,source
005051.png,miniature_poodle,test,1,source
005076.png,miniature_poodle,test,1,source
005083.png,miniature_poodle,test,1,source
005086.png,miniature_poodle,test,1,source
005095.png,miniature_poodle,test,1,source
005100.png,miniature_poodle,test,1,source
005107.png,miniature_poodle,test,1,source
005131.png,miniature_poodle,test,1,source
005132.png,miniature_poodle,test,1,source
005135.png,miniature_poodle,test,1,source
005145.png,miniature_poodle,test,1,source
005165.png,miniature_poodle,test,1,source
005168.png,miniature_poodle,test,1,source
005172.png,miniature_poodle,test,1,source
005186.png,miniature_poodle,test,1,source
005192.png,miniature_poodle,test,1,source
005194.png,miniature_poodle,test,1,source
005195.png,miniature_poodle,test,1,source
005219.png,miniature_poodle,test,1,source
005222.png,miniature_poodle,test,1,source
005224.png,miniature_poodle,test,1,source
005241.png,miniature_poodle,test,1,source
005257.png,miniature_poodle,test,1,source
005259.png,miniature_poodle,test,1,source
005268.png,miniature_poodle,test,1,source
005275.png,miniature_poodle,test,1,source
005279.png,miniature_poodle,test,1,source
005282.png,miniature_poodle,test,1,source
005306.png,miniature_poodle,test,1,source
005323.png,miniature_poodle,test,1,source
005332.png,miniature_poodle,test,1,source
005334.png,miniature_poodle,test,1,source
005346.png,miniature_poodle,test,1,source
005357.png,miniature_poodle,test,1,source
005376.png,miniature_poodle,test,1,source
005379.png,miniature_poodle,test,1,source
005387.png,miniature_poodle,test,1,source
005388.png,miniature_poodle,test,1,source
005389.png,miniature_poodle,test,1,source
005390.png,miniature_poodle,test,1,source
005393.png,miniature_poodle,test,1,source
005403.png,miniature_poodle,test,1,source
005417.png,miniature_poodle,,1,source
005423.png,miniature_poodle,,1,source
005442.png,miniature_poodle,,1,source
005449.png,miniature_poodle,,1,source
005457.png,miniature_poodle,,1,source
005472.png,miniature_poodle,,1,source
005476.png,miniature_poodle,,1,source
005478.png,miniature_poodle,,1,source
005485.png,miniature_poodle,,1,source
005489.png,miniature_poodle,,1,source
005494.png,miniature_poodle,,1,source
005514.png,miniature_poodle,,1,source
005522.png,miniature_poodle,,1,source
005527.png,miniature_poodle,,1,source
005528.png,miniature_poodle,,1,source
005529.png,miniature_poodle,,1,source
005532.png,miniature_poodle,,1,source
005537.png,miniature_poodle,,1,source
005538.png,miniature_poodle,,1,source
005548.png,miniature_poodle,,1,source
005556.png,miniature_poodle,,1,source
005558.png,miniature_poodle,,1,source
005592.png,miniature_poodle,,1,source
005604.png,miniature_poodle,,1,source
005630.png,miniature_poodle,,1,source
005638.png,miniature_poodle,,1,source
005640.png,miniature_poodle,,1,source
005669.png,miniature_poodle,,1,source
005678.png,miniature_poodle,,1,source
005683.png,miniature_poodle,,1,source
005711.png,miniature_poodle,,1,source
005717.png,miniature_poodle,,1,source
005720.png,miniature_poodle,,1,source
005723.png,miniature_poodle,,1,source
005745.png,miniature_poodle,,1,source
005747.png,miniature_poodle,,1,source
005755.png,miniature_poodle,,1,source
005759.png,miniature_poodle,,1,source
005769.png,miniature_poodle,,1,source
005786.png,miniature_poodle,,1,source
005788.png,miniature_poodle,,1,source
005790.png,miniature_poodle,,1,source
005815.png,miniature_poodle,,1,source
005825.png,miniature_poodle,,1,source
005829.png,miniature_poodle,,1,source
005848.png,miniature_poodle,,1,source
005856.png,miniature_poodle,,1,source
005864.png,miniature_poodle,,1,source
005870.png,miniature_poodle,,1,source
005885.png,miniature_poodle,,1,source
005887.png,miniature_poodle,,1,source
005889.png,miniature_poodle,,1,source
005915.png,miniature_poodle,,1,source
005916.png,miniature_poodle,,1,source
005920.png,miniature_poodle,,1,source
005925.png,miniature_poodle,,1,source
005939.png,miniature_poodle,,1,source
005948.png,miniature_poodle,,1,source
005962.png,miniature_poodle,,1,source
005974.png,miniature_poodle,,1,source
005982.png,miniature_poodle,,1,source
005987.png,miniature_poodle,,1,source
005991.png,miniature_poodle,,1,source
006015.png,miniature_poodle,,1,source
006023.png,miniature_poodle,,1,source
006039.png,miniature_poodle,,1,source
006053.png,miniature_poodle,,1,source
006054.png,miniature_poodle,,1,source
006078.png,miniature_poodle,,1,source
006081.png,miniature_poodle,,1,source
006097.png,miniature_poodle,,1,source
006099.png,miniature_poodle,,1,source
006104.png,miniature_poodle,,1,source
006107.png,miniature_poodle,,1,source
006108.png,miniature_poodle,,1,source
006111.png,miniature_poodle,,1,source
006117.png,miniature_poodle,,1,source
006119.png,miniature_poodle,,1,source
006121.png,miniature_poodle,,1,source
006125.png,miniature_poodle,,1,source
006126.png,miniature_poodle,,1,source
006152.png,miniature_poodle,,1,source
006161.png,miniature_poodle,,1,source
006180.png,miniature_poodle,,1,source
006193.png,miniature_poodle,,1,source
006202.png,miniature_poodle,,1,source
006213.png,miniature_poodle,,1,source
006215.png,miniature_poodle,,1,source
006217.png,miniature_poodle,,1,source
006222.png,miniature_poodle,,1,source
006224.png,miniature_poodle,,1,source
006229.png,miniature_poodle,,1,source
006239.png,miniature_poodle,,1,source
006245.png,miniature_poodle,,1,source
006251.png,miniature_poodle,,1,source
006263.png,miniature_poodle,,1,source
006273.png,miniature_poodle,,1,source
006278.png,miniature_poodle,,1,source
006279.png,miniature_poodle,,1,source
006304.png,miniature_poodle,,1,source
006318.png,miniature_poodle,,1,source
006331.png,miniature_poodle,,1,source
006342.png,miniature_poodle,,1,source
006356.png,miniature_poodle,,1,source
006358.png,miniature_poodle,,1,source
006361.png,miniature_poodle,,1,source
006371.png,miniature_poodle,,1,source
006380.png,miniature_poodle,,1,source
006383.png,miniature_poodle,,1,source
006384.png,miniature_poodle,,1,source
006398.png,miniature_poodle,,1,source
006413.png,miniature_poodle,,1,source
006414.png,miniature_poodle,,1,source
006431.png,miniature_poodle,,1,source
006437.png,miniature_poodle,,1,source
006438.png,miniature_poodle,,1,source
006443.png,miniature_poodle,,1,source
006455.png,miniature_poodle,,1,source
006462.png,miniature_poodle,,1,source
006492.png,miniature_poodle,,1,source
006497.png,miniature_poodle,,1,source
006504.png,miniature_poodle,,1,source
006508.png,miniature_poodle,,1,source
006540.png,miniature_poodle,,1,source
006568.png,miniature_poodle,,1,source
006569.png,miniature_poodle,,1,source
006587.png,miniature_poodle,,1,source
006657.png,miniature_poodle,,1,source
006664.png,miniature_poodle,,1,source
006665.png,miniature_poodle,,1,source
006669.png,miniature_poodle,,1,source
006717.png,miniature_poodle,,1,source
006718.png,miniature_poodle,,1,source
006725.png,miniature_poodle,,1,source
006729.png,miniature_poodle,,1,source
006735.png,miniature_poodle,,1,source
006755.png,miniature_poodle,,1,source
006757.png,miniature_poodle,,1,source
006768.png,miniature_poodle,,1,source
006774.png,miniature_poodle,,1,source
006779.png,miniature_poodle,,1,source
006787.png,miniature_poodle,,1,source
006826.png,miniature_poodle,,1,source
006863.png,miniature_poodle,,1,source
006871.png,miniature_poodle,,1,source
006887.png,miniature_poodle,,1,source
006908.png,miniature_poodle,,1,source
006911.png,miniature_poodle,,1,source
006916.png,miniature_poodle,,1,source
006944.png,miniature_poodle,,1,source
006951.png,miniature_poodle,,1,source
006957.png,miniature_poodle,,1,source
006976.png,miniature_poodle,,1,source
006986.png,miniature_poodle,,1,source
006988.png,miniature_poodle,,1,source
007009.png,miniature_poodle,,1,source
007014.png,miniature_poodle,,1,source
007020.png,miniature_poodle,,1,source
007033.png,miniature_poodle,,1,source
007041.png,miniature_poodle,,1,source
007057.png,miniature_poodle,,1,source
007068.png,miniature_poodle,,1,source
007085.png,miniature_poodle,,1,source
007086.png,miniature_poodle,,1,source
007091.png,miniature_poodle,,1,source
007098.png,miniature_poodle,,1,source
007105.png,miniature_poodle,,1,source
007114.png,miniature_poodle,,1,source
007137.png,miniature_poodle,,1,source
007143.png,miniature_poodle,,1,source
007147.png,miniature_poodle,,1,source
007170.png,miniature_poodle,,1,source
007172.png,miniature_poodle,,1,source
007180.png,miniature_poodle,,1,source
007190.png,miniature_poodle,,1,source
007192.png,miniature_poodle,,1,source
007201.png,miniature_poodle,,1,source
007210.png,miniature_poodle,,1,source
007219.png,miniature_poodle,,1,source
007228.png,miniature_poodle,,1,source
007243.png,miniature_poodle,,1,source
007246.png,miniature_poodle,,1,source
007260.png,miniature_poodle,,1,source
007262.png,miniature_poodle,,1,source
007275.png,miniature_poodle,,1,source
007280.png,miniature_poodle,,1,source
007296.png,miniature_poodle,,1,source
007319.png,miniature_poodle,,1,source
007336.png,miniature_poodle,,1,source
007339.png,miniature_poodle,,1,source
007347.png,miniature_poodle,,1,source
007350.png,miniature_poodle,,1,source
007356.png,miniature_poodle,,1,source
007369.png,miniature_poodle,,1,source
007373.png,miniature_poodle,,1,source
007393.png,miniature_poodle,,1,source
007398.png,miniature_poodle,,1,source
007408.png,miniature_poodle,,1,source
007428.png,miniature_poodle,,1,source
007434.png,miniature_poodle,,1,source
007435.png,miniature_poodle,,1,source
007438.png,miniature_poodle,,1,source
007443.png,miniature_poodle,,1,source
007451.png,miniature_poodle,,1,source
007461.png,miniature_poodle,,1,source
007468.png,miniature_poodle,,1,source
007473.png,miniature_poodle,,1,source
007477.png,miniature_poodle,,1,source
007478.png,miniature_poodle,,1,source
007479.png,miniature_poodle,,1,source
007493.png,miniature_poodle,,1,source
007542.png,miniature_poodle,,1,source
007550.png,miniature_poodle,,1,source
007551.png,miniature_poodle,,1,source
007568.png,miniature_poodle,,1,source
007569.png,miniature_poodle,,1,source
007582.png,miniature_poodle,,1,source
007589.png,miniature_poodle,,1,source
007595.png,miniature_poodle,,1,source
007599.png,miniature_poodle,,1,source
007602.png,miniature_poodle,,1,source
007603.png,miniature_poodle,,1,source
007623.png,miniature_poodle,,1,source
007633.png,miniature_poodle,,1,source
007641.png,miniature_poodle,,1,source
007644.png,miniature_poodle,,1,source
007651.png,miniature_poodle,,1,source
007662.png,miniature_poodle,,1,source
007667.png,miniature_poodle,,1,source
007675.png,miniature_poodle,,1,source
007678.png,miniature_poodle,,1,source
007697.png,miniature_poodle,,1,source
007699.png,miniature_poodle,,1,source
007722.png,miniature_poodle,,1,source
007728.png,miniature_poodle,,1,source
007744.png,miniature_poodle,,1,source
007748.png,miniature_poodle,,1,source
007763.png,miniature_poodle,,1,source
007771.png,miniature_poodle,,1,source
007773.png,miniature_poodle,,1,source
007776.png,miniature_poodle,,1,source
007786.png,miniature_poodle,,1,source
007788.png,miniature_poodle,,1,source
007801.png,miniature_poodle,,1,source
007805.png,miniature_poodle,,1,source
007807.png,miniature_poodle,,1,source
007811.png,miniature_poodle,,1,source
007825.png,miniature_poodle,,1,source
007828.png,miniature_poodle,,1,source
007844.png,miniature_poodle,,1,source
007856.png,miniature_poodle,,1,source
007862.png,miniature_poodle,,1,source
007879.png,miniature_poodle,,1,source
007895.png,miniature_poodle,,1,source
007916.png,miniature_poodle,,1,source
007918.png,miniature_poodle,,1,source
007939.png,miniature_poodle,,1,source
007942.png,miniature_poodle,,1,source
007949.png,miniature_poodle,,1,source
007973.png,miniature_poodle,,1,source
007974.png,miniature_poodle,,1,source
007977.png,miniature_poodle,,1,source
007983.png,miniature_poodle,,1,source
007984.png,miniature_poodle,,1,source
007995.png,miniature_poodle,,1,source
008010.png,miniature_poodle,,1,source
008018.png,miniature_poodle,,1,source
008027.png,miniature_poodle,,1,source
008057.png,miniature_poodle,,1,source
008062.png,miniature_poodle,,1,source
008071.png,miniature_poodle,,1,source
008072.png,miniature_poodle,,1,source
008075.png,miniature_poodle,,1,source
008076.png,miniature_poodle,,1,source
008089.png,miniature_poodle,,1,source
008096.png,miniature_poodle,,1,source
008097.png,miniature_poodle,,1,source
008110.png,miniature_poodle,,1,source
008129.png,miniature_poodle,,1,source
008142.png,miniature_poodle,,1,source
008158.png,miniature_poodle,,1,source
008165.png,miniature_poodle,,1,source
008173.png,miniature_poodle,,1,source
008174.png,miniature_poodle,,1,source
008212.png,miniature_poodle,,1,source
008219.png,miniature_poodle,,1,source
008220.png,miniature_poodle,,1,source
008229.png,miniature_poodle,,1,source
008233.png,miniature_poodle,,1,source
008236.png,miniature_poodle,,1,source
008252.png,miniature_poodle,,1,source
008261.png,miniature_poodle,,1,source
008262.png,miniature_poodle,,1,source
008266.png,miniature_poodle,,1,source
008275.png,miniature_poodle,,1,source
008279.png,miniature_poodle,,1,source
008285.png,miniature_poodle,,1,source
008315.png,miniature_poodle,,1,source
008333.png,miniature_poodle,,1,source
008354.png,miniature_poodle,,1,source
008361.png,miniature_poodle,,1,source
008365.png,miniature_poodle,,1,source
008393.png,miniature_poodle,,1,source
008404.png,miniature_poodle,,1,source
008407.png,miniature_poodle,,1,source
008411.png,miniature_poodle,,1,source
008433.png,miniature_poodle,,1,source
008440.png,miniature_poodle,,1,source
008468.png,miniature_poodle,,1,source
008481.png,miniature_poodle,,1,source
008498.png,miniature_poodle,,1,source
008499.png,miniature_poodle,,1,source
008502.png,miniature_poodle,,1,source
008507.png,miniature_poodle,,1,source
008508.png,miniature_poodle,,1,source
008527.png,miniature_poodle,,1,source
008531.png,miniature_poodle,,1,source
008533.png,miniature_poodle,,1,source
008541.png,miniature_poodle,,1,source
008544.png,miniature_poodle,,1,source
008549.png,miniature_poodle,,1,source
008555.png,miniature_poodle,,1,source
008564.png,miniature_poodle,,1,source
008578.png,miniature_poodle,,1,source
008591.png,miniature_poodle,,1,source
008593.png,miniature_poodle,,1,source
008624.png,miniature_poodle,,1,source
008630.png,miniature_poodle,,1,source
008638.png,miniature_poodle,,1,source
008657.png,miniature_poodle,,1,source
008689.png,miniature_poodle,,1,source
008697.png,miniature_poodle,,1,source
008706.png,miniature_poodle,,1,source
008707.png,miniature_poodle,,1,source
008716.png,miniature_poodle,,1,source
008725.png,miniature_poodle,,1,source
008730.png,miniature_poodle,,1,source
008790.png,miniature_poodle,,1,source
008800.png,miniature_poodle,,1,source
008806.png,miniature_poodle,,1,source
008823.png,miniature_poodle,,1,source
008828.png,miniature_poodle,,1,source
008845.png,miniature_poodle,,1,source
008857.png,miniature_poodle,,1,source
008858.png,miniature_poodle,,1,source
008869.png,miniature_poodle,,1,source
008876.png,miniature_poodle,,1,source
008917.png,miniature_poodle,,1,source
008919.png,miniature_poodle,,1,source
008925.png,miniature_poodle,,1,source
008939.png,miniature_poodle,,1,source
008947.png,miniature_poodle,,1,source
008951.png,miniature_poodle,,1,source
008957.png,miniature_poodle,,1,source
008967.png,miniature_poodle,,1,source
008974.png,miniature_poodle,,1,source
008976.png,miniature_poodle,,1,source
008982.png,miniature_poodle,,1,source
008991.png,miniature_poodle,,1,source
008993.png,miniature_poodle,,1,source
009001.png,miniature_poodle,,1,source
009010.png,miniature_poodle,,1,source
009045.png,miniature_poodle,,1,source
009055.png,miniature_poodle,,1,source
009075.png,miniature_poodle,,1,source
009119.png,miniature_poodle,,1,source
009131.png,miniature_poodle,,1,source
009201.png,miniature_poodle,,1,source
009217.png,miniature_poodle,,1,source
009219.png,miniature_poodle,,1,source
009224.png,miniature_poodle,,1,source
009226.png,miniature_poodle,,1,source
009228.png,miniature_poodle,,1,source
009240.png,miniature_poodle,,1,source
009247.png,miniature_poodle,,1,source
009250.png,miniature_poodle,,1,source
009254.png,miniature_poodle,,1,source
009276.png,miniature_poodle,,1,source
009283.png,miniature_poodle,,1,source
009287.png,miniature_poodle,,1,source
009289.png,miniature_poodle,,1,source
009297.png,miniature_poodle,,1,source
009304.png,miniature_poodle,,1,source
009323.png,miniature_poodle,,1,source
009341.png,miniature_poodle,,1,source
009351.png,miniature_poodle,,1,source
009356.png,miniature_poodle,,1,source
009364.png,miniature_poodle,,1,source
009367.png,miniature_poodle,,1,source
009374.png,miniature_poodle,,1,source
009393.png,miniature_poodle,,1,source
009395.png,miniature_poodle,,1,source
009398.png,miniature_poodle,,1,source
009400.png,miniature_poodle,,1,source
009404.png,miniature_poodle,,1,source
009405.png,miniature_poodle,,1,source
009408.png,miniature_poodle,,1,source
009413.png,miniature_poodle,,1,source
009419.png,miniature_poodle,,1,source
009439.png,miniature_poodle,,1,source
009457.png,miniature_poodle,,1,source
009459.png,miniature_poodle,,1,source
009463.png,miniature_poodle,,1,source
009464.png,miniature_poodle,,1,source
009479.png,miniature_poodle,,1,source
009485.png,miniature_poodle,,1,source
009488.png,miniature_poodle,,1,source
009489.png,miniature_poodle,,1,source
009500.png,miniature_poodle,,1,source
009519.png,miniature_poodle,,1,source
009521.png,miniature_poodle,,1,source
009522.png,miniature_poodle,,1,source
009523.png,miniature_poodle,,1,source
009530.png,miniature_poodle,,1,source
009531.png,miniature_poodle,,1,source
009549.png,miniature_poodle,,1,source
009564.png,miniature_poodle,,1,source
009565.png,miniature_poodle,,1,source
009583.png,miniature_poodle,,1,source
009587.png,miniature_poodle,,1,source
009591.png,miniature_poodle,,1,source
009594.png,miniature_poodle,,1,source
009598.png,miniature_poodle,,1,source
009616.png,miniature_poodle,,1,source
009626.png,miniature_poodle,,1,source
009653.png,miniature_poodle,,1,source
009666.png,miniature_poodle,,1,source
009667.png,miniature_poodle,,1,source
009705.png,miniature_poodle,,1,source
009717.png,miniature_poodle,,1,source
009723.png,miniature_poodle,,1,source
009724.png,miniature_poodle,,1,source
009726.png,miniature_poodle,,1,source
009729.png,miniature_poodle,,1,source
009775.png,miniature_poodle,,1,source
009777.png,miniature_poodle,,1,source
009789.png,miniature_poodle,,1,source
009794.png,miniature_poodle,,1,source
009820.png,miniature_poodle,,1,source
009843.png,miniature_poodle,,1,source
009844.png,miniature_poodle,,1,source
009855.png,miniature_poodle,,1,source
009858.png,miniature_poodle,,1,source
009893.png,miniature_poodle,,1,source
009896.png,miniature_poodle,,1,source
009897.png,miniature_poodle,,1,source
009910.png,miniature_poodle,,1,source
009914.png,miniature_poodle,,1,source
009922.png,miniature_poodle,,1,source
009945.png,miniature_poodle,,1,source
009948.png,miniature_poodle,,1,source
009966.png,miniature_poodle,,1,source
009973.png,miniature_poodle,,1,source
009974.png,miniature_poodle,,1,source
009975.png,miniature_poodle,,1,source
010005.png,miniature_poodle,,1,source
010009.png,miniature_poodle,,1,source
010013.png,miniature_poodle,,1,source
010014.png,miniature_poodle,,1,source
010019.png,miniature_poodle,,1,source
010026.png,miniature_poodle,,1,source
010033.png,miniature_poodle,,1,source
010040.png,miniature_poodle,,1,source
010041.png,miniature_poodle,,1,source
010054.png,miniature_poodle,,1,source
010060.png,miniature_poodle,,1,source
010077.png,miniature_poodle,,1,source
010087.png,miniature_poodle,,1,source
010091.png,miniature_poodle,,1,source
010092.png,miniature_poodle,,1,source
010096.png,miniature_poodle,,1,source
010106.png,miniature_poodle,,1,source
010121.png,miniature_poodle,,1,source
010129.png,miniature_poodle,,1,source
010132.png,miniature_poodle,,1,source
010137.png,miniature_poodle,,1,source
010159.png,miniature_poodle,,1,source
010166.png,miniature_poodle,,1,source
010168.png,miniature_poodle,,1,source
010181.png,miniature_poodle,,1,source
010195.png,miniature_poodle,,1,source
010202.png,miniature_poodle,,1,source
000007.png,saint_bernard,train,2,source
000044.png,saint_bernard,train,2,source
000051.png,saint_bernard,train,2,source
000054.png,saint_bernard,train,2,source
000066.png,saint_bernard,train,2,source
000085.png,saint_bernard,train,2,source
000087.png,saint_bernard,train,2,source
000100.png,saint_bernard,train,2,source
000109.png,saint_bernard,train,2,source
000111.png,saint_bernard,train,2,source
000117.png,saint_bernard,train,2,source
000140.png,saint_bernard,train,2,source
000144.png,saint_bernard,train,2,source
000145.png,saint_bernard,train,2,source
000146.png,saint_bernard,train,2,source
000150.png,saint_bernard,train,2,source
000181.png,saint_bernard,train,2,source
000203.png,saint_bernard,train,2,source
000210.png,saint_bernard,train,2,source
000272.png,saint_bernard,train,2,source
000275.png,saint_bernard,train,2,source
000278.png,saint_bernard,train,2,source
000302.png,saint_bernard,train,2,source
000304.png,saint_bernard,train,2,source
000308.png,saint_bernard,train,2,source
000313.png,saint_bernard,train,2,source
000316.png,saint_bernard,train,2,source
000321.png,saint_bernard,train,2,source
000323.png,saint_bernard,train,2,source
000350.png,saint_bernard,train,2,source
000355.png,saint_bernard,train,2,source
000357.png,saint_bernard,train,2,source
000372.png,saint_bernard,train,2,source
000401.png,saint_bernard,train,2,source
000406.png,saint_bernard,train,2,source
000431.png,saint_bernard,train,2,source
000438.png,saint_bernard,train,2,source
000441.png,saint_bernard,train,2,source
000454.png,saint_bernard,train,2,source
000456.png,saint_bernard,train,2,source
000470.png,saint_bernard,train,2,source
000503.png,saint_bernard,train,2,source
000518.png,saint_bernard,train,2,source
000519.png,saint_bernard,train,2,source
000526.png,saint_bernard,train,2,source
000549.png,saint_bernard,train,2,source
000558.png,saint_bernard,train,2,source
000569.png,saint_bernard,train,2,source
000587.png,saint_bernard,train,2,source
000594.png,saint_bernard,train,2,source
000605.png,saint_bernard,train,2,source
000612.png,saint_bernard,train,2,source
000625.png,saint_bernard,train,2,source
000646.png,saint_bernard,train,2,source
000649.png,saint_bernard,train,2,source
000650.png,saint_bernard,train,2,source
000651.png,saint_bernard,train,2,source
000670.png,saint_bernard,train,2,source
000680.png,saint_bernard,train,2,source
000697.png,saint_bernard,train,2,source
000698.png,saint_bernard,train,2,source
000705.png,saint_bernard,train,2,source
000737.png,saint_bernard,train,2,source
000739.png,saint_bernard,train,2,source
000741.png,saint_bernard,train,2,source
000742.png,saint_bernard,train,2,source
000747.png,saint_bernard,train,2,source
000751.png,saint_bernard,train,2,source
000753.png,saint_bernard,train,2,source
000757.png,saint_bernard,train,2,source
000758.png,saint_bernard,train,2,source
000762.png,saint_bernard,train,2,source
000766.png,saint_bernard,train,2,source
000767.png,saint_bernard,train,2,source
000772.png,saint_bernard,train,2,source
000793.png,saint_bernard,train,2,source
000795.png,saint_bernard,train,2,source
000798.png,saint_bernard,train,2,source
000808.png,saint_bernard,train,2,source
000816.png,saint_bernard,train,2,source
000821.png,saint_bernard,train,2,source
000828.png,saint_bernard,train,2,source
000844.png,saint_bernard,train,2,source
000845.png,saint_bernard,train,2,source
000848.png,saint_bernard,train,2,source
000855.png,saint_bernard,train,2,source
000860.png,saint_bernard,train,2,source
000877.png,saint_bernard,train,2,source
000880.png,saint_bernard,train,2,source
000883.png,saint_bernard,train,2,source
000884.png,saint_bernard,train,2,source
000892.png,saint_bernard,train,2,source
000894.png,saint_bernard,train,2,source
000897.png,saint_bernard,train,2,source
000922.png,saint_bernard,train,2,source
000955.png,saint_bernard,train,2,source
000968.png,saint_bernard,train,2,source
000973.png,saint_bernard,train,2,source
000982.png,saint_bernard,train,2,source
001052.png,saint_bernard,train,2,source
001063.png,saint_bernard,train,2,source
001077.png,saint_bernard,train,2,source
001092.png,saint_bernard,train,2,source
001103.png,saint_bernard,train,2,source
001123.png,saint_bernard,train,2,source
001138.png,saint_bernard,train,2,source
001153.png,saint_bernard,train,2,source
001158.png,saint_bernard,train,2,source
001160.png,saint_bernard,train,2,source
001187.png,saint_bernard,train,2,source
001199.png,saint_bernard,train,2,source
001211.png,saint_bernard,train,2,source
001220.png,saint_bernard,train,2,source
001228.png,saint_bernard,train,2,source
001229.png,saint_bernard,train,2,source
001234.png,saint_bernard,train,2,source
001236.png,saint_bernard,train,2,source
001237.png,saint_bernard,train,2,source
001244.png,saint_bernard,train,2,source
001257.png,saint_bernard,train,2,source
001258.png,saint_bernard,train,2,source
001265.png,saint_bernard,train,2,source
001284.png,saint_bernard,train,2,source
001286.png,saint_bernard,train,2,source
001288.png,saint_bernard,train,2,source
001294.png,saint_bernard,train,2,source
001300.png,saint_bernard,train,2,source
001301.png,saint_bernard,train,2,source
001303.png,saint_bernard,train,2,source
001309.png,saint_bernard,train,2,source
001311.png,saint_bernard,train,2,source
001313.png,saint_bernard,train,2,source
001320.png,saint_bernard,train,2,source
001321.png,saint_bernard,train,2,source
001325.png,saint_bernard,train,2,source
001327.png,saint_bernard,train,2,source
001335.png,saint_bernard,train,2,source
001337.png,saint_bernard,train,2,source
001338.png,saint_bernard,train,2,source
001350.png,saint_bernard,train,2,source
001358.png,saint_bernard,train,2,source
001363.png,saint_bernard,train,2,source
001370.png,saint_bernard,train,2,source
001373.png,saint_bernard,train,2,source
001379.png,saint_bernard,train,2,source
001380.png,saint_bernard,train,2,source
001383.png,saint_bernard,train,2,source
001388.png,saint_bernard,train,2,source
001414.png,saint_bernard,train,2,source
001431.png,saint_bernard,train,2,source
001443.png,saint_bernard,train,2,source
001458.png,saint_bernard,train,2,source
001466.png,saint_bernard,train,2,source
001476.png,saint_bernard,train,2,source
001480.png,saint_bernard,train,2,source
001487.png,saint_bernard,train,2,source
001509.png,saint_bernard,train,2,source
001517.png,saint_bernard,train,2,source
001526.png,saint_bernard,train,2,source
001539.png,saint_bernard,train,2,source
001544.png,saint_bernard,train,2,source
001545.png,saint_bernard,train,2,source
001546.png,saint_bernard,train,2,source
001553.png,saint_bernard,train,2,source
001557.png,saint_bernard,train,2,source
001564.png,saint_bernard,train,2,source
001567.png,saint_bernard,train,2,source
001568.png,saint_bernard,train,2,source
001572.png,saint_bernard,train,2,source
001574.png,saint_bernard,train,2,source
001577.png,saint_bernard,train,2,source
001580.png,saint_bernard,train,2,source
001581.png,saint_bernard,train,2,source
001593.png,saint_bernard,train,2,source
001595.png,saint_bernard,train,2,source
001603.png,saint_bernard,train,2,source
001608.png,saint_bernard,train,2,source
001624.png,saint_bernard,train,2,source
001643.png,saint_bernard,train,2,source
001645.png,saint_bernard,train,2,source
001656.png,saint_bernard,train,2,source
001670.png,saint_bernard,train,2,source
001671.png,saint_bernard,train,2,source
001684.png,saint_bernard,train,2,source
001698.png,saint_bernard,train,2,source
001708.png,saint_bernard,train,2,source
001725.png,saint_bernard,train,2,source
001727.png,saint_bernard,train,2,source
001729.png,saint_bernard,train,2,source
001748.png,saint_bernard,train,2,source
001755.png,saint_bernard,train,2,source
001779.png,saint_bernard,train,2,source
001780.png,saint_bernard,train,2,source
001787.png,saint_bernard,train,2,source
001797.png,saint_bernard,train,2,source
001806.png,saint_bernard,train,2,source
001817.png,saint_bernard,train,2,source
001826.png,saint_bernard,train,2,source
001839.png,saint_bernard,train,2,source
001841.png,saint_bernard,train,2,source
001846.png,saint_bernard,train,2,source
001856.png,saint_bernard,train,2,source
001859.png,saint_bernard,train,2,source
001863.png,saint_bernard,train,2,source
001870.png,saint_bernard,train,2,source
001887.png,saint_bernard,train,2,source
001920.png,saint_bernard,train,2,source
001922.png,saint_bernard,train,2,source
001936.png,saint_bernard,train,2,source
001954.png,saint_bernard,train,2,source
001955.png,saint_bernard,train,2,source
001962.png,saint_bernard,train,2,source
001969.png,saint_bernard,train,2,source
001976.png,saint_bernard,train,2,source
001987.png,saint_bernard,train,2,source
001993.png,saint_bernard,train,2,source
002021.png,saint_bernard,train,2,source
002027.png,saint_bernard,train,2,source
002034.png,saint_bernard,train,2,source
002040.png,saint_bernard,train,2,source
002046.png,saint_bernard,train,2,source
002087.png,saint_bernard,train,2,source
002105.png,saint_bernard,train,2,source
002108.png,saint_bernard,train,2,source
002110.png,saint_bernard,train,2,source
002155.png,saint_bernard,train,2,source
002158.png,saint_bernard,train,2,source
002165.png,saint_bernard,train,2,source
002171.png,saint_bernard,train,2,source
002193.png,saint_bernard,train,2,source
002199.png,saint_bernard,train,2,source
002201.png,saint_bernard,train,2,source
002204.png,saint_bernard,train,2,source
002221.png,saint_bernard,train,2,source
002233.png,saint_bernard,train,2,source
002235.png,saint_bernard,train,2,source
002278.png,saint_bernard,train,2,source
002303.png,saint_bernard,train,2,source
002318.png,saint_bernard,train,2,source
002322.png,saint_bernard,train,2,source
002338.png,saint_bernard,train,2,source
002350.png,saint_bernard,train,2,source
002355.png,saint_bernard,train,2,source
002358.png,saint_bernard,train,2,source
002375.png,saint_bernard,train,2,source
002379.png,saint_bernard,train,2,source
002400.png,saint_bernard,train,2,source
002408.png,saint_bernard,train,2,source
002412.png,saint_bernard,train,2,source
002417.png,saint_bernard,train,2,source
002431.png,saint_bernard,val,2,source
002443.png,saint_bernard,val,2,source
002444.png,saint_bernard,val,2,source
002448.png,saint_bernard,val,2,source
002456.png,saint_bernard,val,2,source
002462.png,saint_bernard,val,2,source
002473.png,saint_bernard,val,2,source
002490.png,saint_bernard,val,2,source
002495.png,saint_bernard,val,2,source
002501.png,saint_bernard,val,2,source
002510.png,saint_bernard,val,2,source
002516.png,saint_bernard,val,2,source
002519.png,saint_bernard,val,2,source
002528.png,saint_bernard,val,2,source
002533.png,saint_bernard,val,2,source
002558.png,saint_bernard,val,2,source
002570.png,saint_bernard,val,2,source
002579.png,saint_bernard,val,2,source
002584.png,saint_bernard,val,2,source
002650.png,saint_bernard,val,2,source
002670.png,saint_bernard,val,2,source
002677.png,saint_bernard,val,2,source
002682.png,saint_bernard,val,2,source
002684.png,saint_bernard,val,2,source
002700.png,saint_bernard,val,2,source
002720.png,saint_bernard,val,2,source
002749.png,saint_bernard,val,2,source
002751.png,saint_bernard,val,2,source
002769.png,saint_bernard,val,2,source
002796.png,saint_bernard,val,2,source
002814.png,saint_bernard,val,2,source
002820.png,saint_bernard,val,2,source
002839.png,saint_bernard,val,2,source
002840.png,saint_bernard,val,2,source
002847.png,saint_bernard,val,2,source
002867.png,saint_bernard,val,2,source
002872.png,saint_bernard,val,2,source
002877.png,saint_bernard,val,2,source
002883.png,saint_bernard,val,2,source
002884.png,saint_bernard,val,2,source
002894.png,saint_bernard,val,2,source
002895.png,saint_bernard,val,2,source
002902.png,saint_bernard,val,2,source
002915.png,saint_bernard,val,2,source
002922.png,saint_bernard,val,2,source
002932.png,saint_bernard,val,2,source
002943.png,saint_bernard,val,2,source
002958.png,saint_bernard,val,2,source
002959.png,saint_bernard,val,2,source
002965.png,saint_bernard,val,2,source
002972.png,saint_bernard,val,2,source
002978.png,saint_bernard,val,2,source
002982.png,saint_bernard,val,2,source
002983.png,saint_bernard,val,2,source
002999.png,saint_bernard,val,2,source
003001.png,saint_bernard,val,2,source
003008.png,saint_bernard,val,2,source
003019.png,saint_bernard,val,2,source
003022.png,saint_bernard,val,2,source
003030.png,saint_bernard,val,2,source
003040.png,saint_bernard,val,2,source
003042.png,saint_bernard,val,2,source
003060.png,saint_bernard,val,2,source
003061.png,saint_bernard,val,2,source
003064.png,saint_bernard,val,2,source
003067.png,saint_bernard,val,2,source
003079.png,saint_bernard,val,2,source
003080.png,saint_bernard,val,2,source
003081.png,saint_bernard,val,2,source
003084.png,saint_bernard,val,2,source
003089.png,saint_bernard,val,2,source
003118.png,saint_bernard,val,2,source
003136.png,saint_bernard,val,2,source
003149.png,saint_bernard,val,2,source
003153.png,saint_bernard,val,2,source
003161.png,saint_bernard,val,2,source
003167.png,saint_bernard,val,2,source
003182.png,saint_bernard,val,2,source
003186.png,saint_bernard,val,2,source
003187.png,saint_bernard,val,2,source
003193.png,saint_bernard,val,2,source
003196.png,saint_bernard,val,2,source
003209.png,saint_bernard,val,2,source
003221.png,saint_bernard,val,2,source
003223.png,saint_bernard,val,2,source
003228.png,saint_bernard,val,2,source
003232.png,saint_bernard,val,2,source
003244.png,saint_bernard,val,2,source
003251.png,saint_bernard,val,2,source
003270.png,saint_bernard,val,2,source
003276.png,saint_bernard,val,2,source
003278.png,saint_bernard,val,2,source
003285.png,saint_bernard,val,2,source
003297.png,saint_bernard,val,2,source
003303.png,saint_bernard,val,2,source
003306.png,saint_bernard,val,2,source
003316.png,saint_bernard,val,2,source
003322.png,saint_bernard,val,2,source
003339.png,saint_bernard,val,2,source
003342.png,saint_bernard,val,2,source
003346.png,saint_bernard,val,2,source
003348.png,saint_bernard,val,2,source
003352.png,saint_bernard,val,2,source
003369.png,saint_bernard,val,2,source
003373.png,saint_bernard,val,2,source
003381.png,saint_bernard,val,2,source
003383.png,saint_bernard,val,2,source
003399.png,saint_bernard,val,2,source
003406.png,saint_bernard,val,2,source
003409.png,saint_bernard,val,2,source
003417.png,saint_bernard,val,2,source
003423.png,saint_bernard,val,2,source
003436.png,saint_bernard,val,2,source
003438.png,saint_bernard,val,2,source
003443.png,saint_bernard,val,2,source
003450.png,saint_bernard,val,2,source
003451.png,saint_bernard,val,2,source
003454.png,saint_bernard,val,2,source
003456.png,saint_bernard,val,2,source
003459.png,saint_bernard,val,2,source
003473.png,saint_bernard,val,2,source
003476.png,saint_bernard,val,2,source
003508.png,saint_bernard,val,2,source
003515.png,saint_bernard,val,2,source
003517.png,saint_bernard,val,2,source
003527.png,saint_bernard,val,2,source
003531.png,saint_bernard,val,2,source
003580.png,saint_bernard,val,2,source
003583.png,saint_bernard,val,2,source
003584.png,saint_bernard,val,2,source
003589.png,saint_bernard,val,2,source
003591.png,saint_bernard,val,2,source
003593.png,saint_bernard,val,2,source
003594.png,saint_bernard,val,2,source
003606.png,saint_bernard,val,2,source
003617.png,saint_bernard,val,2,source
003631.png,saint_bernard,val,2,source
003637.png,saint_bernard,val,2,source
003643.png,saint_bernard,val,2,source
003651.png,saint_bernard,val,2,source
003656.png,saint_bernard,val,2,source
003667.png,saint_bernard,val,2,source
003711.png,saint_bernard,val,2,source
003713.png,saint_bernard,val,2,source
003714.png,saint_bernard,val,2,source
003736.png,saint_bernard,val,2,source
003738.png,saint_bernard,val,2,source
003754.png,saint_bernard,val,2,source
003762.png,saint_bernard,val,2,source
003776.png,saint_bernard,val,2,source
003807.png,saint_bernard,test,2,source
003824.png,saint_bernard,test,2,source
003836.png,saint_bernard,test,2,source
003840.png,saint_bernard,test,2,source
003841.png,saint_bernard,test,2,source
003842.png,saint_bernard,test,2,source
003847.png,saint_bernard,test,2,source
003853.png,saint_bernard,test,2,source
003862.png,saint_bernard,test,2,source
003891.png,saint_bernard,test,2,source
003903.png,saint_bernard,test,2,source
003922.png,saint_bernard,test,2,source
003928.png,saint_bernard,test,2,source
003956.png,saint_bernard,test,2,source
003965.png,saint_bernard,test,2,source
003966.png,saint_bernard,test,2,source
003980.png,saint_bernard,test,2,source
003993.png,saint_bernard,test,2,source
004001.png,saint_bernard,test,2,source
004003.png,saint_bernard,test,2,source
004004.png,saint_bernard,test,2,source
004009.png,saint_bernard,test,2,source
004016.png,saint_bernard,test,2,source
004025.png,saint_bernard,test,2,source
004027.png,saint_bernard,test,2,source
004048.png,saint_bernard,test,2,source
004074.png,saint_bernard,test,2,source
004080.png,saint_bernard,test,2,source
004086.png,saint_bernard,test,2,source
004104.png,saint_bernard,test,2,source
004116.png,saint_bernard,test,2,source
004134.png,saint_bernard,test,2,source
004185.png,saint_bernard,test,2,source
004206.png,saint_bernard,test,2,source
004217.png,saint_bernard,test,2,source
004220.png,saint_bernard,test,2,source
004221.png,saint_bernard,test,2,source
004230.png,saint_bernard,test,2,source
004239.png,saint_bernard,test,2,source
004240.png,saint_bernard,test,2,source
004242.png,saint_bernard,test,2,source
004252.png,saint_bernard,test,2,source
004254.png,saint_bernard,test,2,source
004260.png,saint_bernard,test,2,source
004269.png,saint_bernard,test,2,source
004291.png,saint_bernard,test,2,source
004296.png,saint_bernard,test,2,source
004308.png,saint_bernard,test,2,source
004310.png,saint_bernard,test,2,source
004314.png,saint_bernard,test,2,source
004323.png,saint_bernard,test,2,source
004330.png,saint_bernard,test,2,source
004332.png,saint_bernard,test,2,source
004342.png,saint_bernard,test,2,source
004355.png,saint_bernard,test,2,source
004357.png,saint_bernard,test,2,source
004367.png,saint_bernard,test,2,source
004377.png,saint_bernard,test,2,source
004391.png,saint_bernard,test,2,source
004393.png,saint_bernard,test,2,source
004404.png,saint_bernard,test,2,source
004416.png,saint_bernard,test,2,source
004430.png,saint_bernard,test,2,source
004455.png,saint_bernard,test,2,source
004457.png,saint_bernard,test,2,source
004464.png,saint_bernard,test,2,source
004481.png,saint_bernard,test,2,source
004489.png,saint_bernard,test,2,source
004493.png,saint_bernard,test,2,source
004503.png,saint_bernard,test,2,source
004509.png,saint_bernard,test,2,source
004517.png,saint_bernard,test,2,source
004521.png,saint_bernard,test,2,source
004533.png,saint_bernard,test,2,source
004536.png,saint_bernard,test,2,source
004620.png,saint_bernard,test,2,source
004642.png,saint_bernard,test,2,source
004647.png,saint_bernard,test,2,source
004653.png,saint_bernard,test,2,source
004654.png,saint_bernard,test,2,source
004669.png,saint_bernard,test,2,source
004681.png,saint_bernard,test,2,source
004697.png,saint_bernard,test,2,source
004699.png,saint_bernard,test,2,source
004722.png,saint_bernard,test,2,source
004729.png,saint_bernard,test,2,source
004737.png,saint_bernard,test,2,source
004743.png,saint_bernard,test,2,source
004760.png,saint_bernard,test,2,source
004775.png,saint_bernard,test,2,source
004782.png,saint_bernard,test,2,source
004786.png,saint_bernard,test,2,source
004790.png,saint_bernard,test,2,source
004804.png,saint_bernard,test,2,source
004827.png,saint_bernard,test,2,source
004832.png,saint_bernard,test,2,source
004843.png,saint_bernard,test,2,source
004844.png,saint_bernard,test,2,source
004847.png,saint_bernard,test,2,source
004866.png,saint_bernard,test,2,source
004872.png,saint_bernard,test,2,source
004877.png,saint_bernard,test,2,source
004884.png,saint_bernard,test,2,source
004889.png,saint_bernard,test,2,source
004900.png,saint_bernard,test,2,source
004901.png,saint_bernard,test,2,source
004903.png,saint_bernard,test,2,source
004917.png,saint_bernard,test,2,source
004919.png,saint_bernard,test,2,source
004933.png,saint_bernard,test,2,source
004941.png,saint_bernard,test,2,source
004960.png,saint_bernard,test,2,source
004963.png,saint_bernard,test,2,source
004974.png,saint_bernard,test,2,source
004979.png,saint_bernard,test,2,source
005011.png,saint_bernard,test,2,source
005052.png,saint_bernard,test,2,source
005073.png,saint_bernard,test,2,source
005102.png,saint_bernard,test,2,source
005110.png,saint_bernard,test,2,source
005114.png,saint_bernard,test,2,source
005141.png,saint_bernard,test,2,source
005146.png,saint_bernard,test,2,source
005147.png,saint_bernard,test,2,source
005149.png,saint_bernard,test,2,source
005151.png,saint_bernard,test,2,source
005158.png,saint_bernard,test,2,source
005170.png,saint_bernard,test,2,source
005175.png,saint_bernard,test,2,source
005182.png,saint_bernard,test,2,source
005202.png,saint_bernard,test,2,source
005220.png,saint_bernard,test,2,source
005225.png,saint_bernard,test,2,source
005231.png,saint_bernard,test,2,source
005232.png,saint_bernard,test,2,source
005236.png,saint_bernard,test,2,source
005255.png,saint_bernard,test,2,source
005260.png,saint_bernard,test,2,source
005269.png,saint_bernard,test,2,source
005273.png,saint_bernard,test,2,source
005276.png,saint_bernard,test,2,source
005278.png,saint_bernard,test,2,source
005284.png,saint_bernard,test,2,source
005304.png,saint_bernard,test,2,source
005308.png,saint_bernard,test,2,source
005328.png,saint_bernard,test,2,source
005339.png,saint_bernard,test,2,source
005340.png,saint_bernard,test,2,source
005345.png,saint_bernard,test,2,source
005349.png,saint_bernard,test,2,source
005351.png,saint_bernard,,2,source
005359.png,saint_bernard,,2,source
005364.png,saint_bernard,,2,source
005368.png,saint_bernard,,2,source
005371.png,saint_bernard,,2,source
005391.png,saint_bernard,,2,source
005410.png,saint_bernard,,2,source
005412.png,saint_bernard,,2,source
005420.png,saint_bernard,,2,source
005424.png,saint_bernard,,2,source
005425.png,saint_bernard,,2,source
005431.png,saint_bernard,,2,source
005434.png,saint_bernard,,2,source
005435.png,saint_bernard,,2,source
005436.png,saint_bernard,,2,source
005458.png,saint_bernard,,2,source
005461.png,saint_bernard,,2,source
005467.png,saint_bernard,,2,source
005482.png,saint_bernard,,2,source
005486.png,saint_bernard,,2,source
005517.png,saint_bernard,,2,source
005519.png,saint_bernard,,2,source
005524.png,saint_bernard,,2,source
005533.png,saint_bernard,,2,source
005534.png,saint_bernard,,2,source
005535.png,saint_bernard,,2,source
005577.png,saint_bernard,,2,source
005588.png,saint_bernard,,2,source
005591.png,saint_bernard,,2,source
005612.png,saint_bernard,,2,source
005628.png,saint_bernard,,2,source
005634.png,saint_bernard,,2,source
005635.png,saint_bernard,,2,source
005646.png,saint_bernard,,2,source
005654.png,saint_bernard,,2,source
005663.png,saint_bernard,,2,source
005670.png,saint_bernard,,2,source
005679.png,saint_bernard,,2,source
005690.png,saint_bernard,,2,source
005696.png,saint_bernard,,2,source
005699.png,saint_bernard,,2,source
005703.png,saint_bernard,,2,source
005724.png,saint_bernard,,2,source
005736.png,saint_bernard,,2,source
005754.png,saint_bernard,,2,source
005797.png,saint_bernard,,2,source
005800.png,saint_bernard,,2,source
005820.png,saint_bernard,,2,source
005827.png,saint_bernard,,2,source
005838.png,saint_bernard,,2,source
005839.png,saint_bernard,,2,source
005877.png,saint_bernard,,2,source
005886.png,saint_bernard,,2,source
005941.png,saint_bernard,,2,source
005947.png,saint_bernard,,2,source
005957.png,saint_bernard,,2,source
005967.png,saint_bernard,,2,source
005971.png,saint_bernard,,2,source
005986.png,saint_bernard,,2,source
006001.png,saint_bernard,,2,source
006005.png,saint_bernard,,2,source
006013.png,saint_bernard,,2,source
006024.png,saint_bernard,,2,source
006025.png,saint_bernard,,2,source
006038.png,saint_bernard,,2,source
006042.png,saint_bernard,,2,source
006077.png,saint_bernard,,2,source
006080.png,saint_bernard,,2,source
006093.png,saint_bernard,,2,source
006098.png,saint_bernard,,2,source
006134.png,saint_bernard,,2,source
006137.png,saint_bernard,,2,source
006150.png,saint_bernard,,2,source
006151.png,saint_bernard,,2,source
006153.png,saint_bernard,,2,source
006158.png,saint_bernard,,2,source
006159.png,saint_bernard,,2,source
006170.png,saint_bernard,,2,source
006195.png,saint_bernard,,2,source
006230.png,saint_bernard,,2,source
006231.png,saint_bernard,,2,source
006244.png,saint_bernard,,2,source
006253.png,saint_bernard,,2,source
006261.png,saint_bernard,,2,source
006271.png,saint_bernard,,2,source
006275.png,saint_bernard,,2,source
006276.png,saint_bernard,,2,source
006287.png,saint_bernard,,2,source
006290.png,saint_bernard,,2,source
006301.png,saint_bernard,,2,source
006306.png,saint_bernard,,2,source
006320.png,saint_bernard,,2,source
006325.png,saint_bernard,,2,source
006333.png,saint_bernard,,2,source
006340.png,saint_bernard,,2,source
006349.png,saint_bernard,,2,source
006350.png,saint_bernard,,2,source
006354.png,saint_bernard,,2,source
006363.png,saint_bernard,,2,source
006368.png,saint_bernard,,2,source
006388.png,saint_bernard,,2,source
006422.png,saint_bernard,,2,source
006446.png,saint_bernard,,2,source
006449.png,saint_bernard,,2,source
006457.png,saint_bernard,,2,source
006466.png,saint_bernard,,2,source
006471.png,saint_bernard,,2,source
006484.png,saint_bernard,,2,source
006486.png,saint_bernard,,2,source
006487.png,saint_bernard,,2,source
006511.png,saint_bernard,,2,source
006516.png,saint_bernard,,2,source
006520.png,saint_bernard,,2,source
006539.png,saint_bernard,,2,source
006542.png,saint_bernard,,2,source
006543.png,saint_bernard,,2,source
006562.png,saint_bernard,,2,source
006565.png,saint_bernard,,2,source
006580.png,saint_bernard,,2,source
006588.png,saint_bernard,,2,source
006595.png,saint_bernard,,2,source
006596.png,saint_bernard,,2,source
006613.png,saint_bernard,,2,source
006617.png,saint_bernard,,2,source
006631.png,saint_bernard,,2,source
006635.png,saint_bernard,,2,source
006637.png,saint_bernard,,2,source
006642.png,saint_bernard,,2,source
006644.png,saint_bernard,,2,source
006662.png,saint_bernard,,2,source
006676.png,saint_bernard,,2,source
006677.png,saint_bernard,,2,source
006682.png,saint_bernard,,2,source
006727.png,saint_bernard,,2,source
006728.png,saint_bernard,,2,source
006733.png,saint_bernard,,2,source
006737.png,saint_bernard,,2,source
006740.png,saint_bernard,,2,source
006744.png,saint_bernard,,2,source
006783.png,saint_bernard,,2,source
006786.png,saint_bernard,,2,source
006789.png,saint_bernard,,2,source
006811.png,saint_bernard,,2,source
006825.png,saint_bernard,,2,source
006828.png,saint_bernard,,2,source
006832.png,saint_bernard,,2,source
006834.png,saint_bernard,,2,source
006837.png,saint_bernard,,2,source
006840.png,saint_bernard,,2,source
006845.png,saint_bernard,,2,source
006847.png,saint_bernard,,2,source
006868.png,saint_bernard,,2,source
006888.png,saint_bernard,,2,source
006890.png,saint_bernard,,2,source
006903.png,saint_bernard,,2,source
006906.png,saint_bernard,,2,source
006912.png,saint_bernard,,2,source
006928.png,saint_bernard,,2,source
006929.png,saint_bernard,,2,source
006930.png,saint_bernard,,2,source
006934.png,saint_bernard,,2,source
006936.png,saint_bernard,,2,source
006949.png,saint_bernard,,2,source
006952.png,saint_bernard,,2,source
006993.png,saint_bernard,,2,source
007003.png,saint_bernard,,2,source
007008.png,saint_bernard,,2,source
007019.png,saint_bernard,,2,source
007023.png,saint_bernard,,2,source
007030.png,saint_bernard,,2,source
007034.png,saint_bernard,,2,source
007035.png,saint_bernard,,2,source
007043.png,saint_bernard,,2,source
007051.png,saint_bernard,,2,source
007061.png,saint_bernard,,2,source
007073.png,saint_bernard,,2,source
007074.png,saint_bernard,,2,source
007101.png,saint_bernard,,2,source
007118.png,saint_bernard,,2,source
007152.png,saint_bernard,,2,source
007154.png,saint_bernard,,2,source
007156.png,saint_bernard,,2,source
007169.png,saint_bernard,,2,source
007183.png,saint_bernard,,2,source
007186.png,saint_bernard,,2,source
007195.png,saint_bernard,,2,source
007196.png,saint_bernard,,2,source
007225.png,saint_bernard,,2,source
007244.png,saint_bernard,,2,source
007248.png,saint_bernard,,2,source
007278.png,saint_bernard,,2,source
007279.png,saint_bernard,,2,source
007288.png,saint_bernard,,2,source
007293.png,saint_bernard,,2,source
007313.png,saint_bernard,,2,source
007315.png,saint_bernard,,2,source
007323.png,saint_bernard,,2,source
007328.png,saint_bernard,,2,source
007332.png,saint_bernard,,2,source
007360.png,saint_bernard,,2,source
007390.png,saint_bernard,,2,source
007394.png,saint_bernard,,2,source
007411.png,saint_bernard,,2,source
007412.png,saint_bernard,,2,source
007418.png,saint_bernard,,2,source
007419.png,saint_bernard,,2,source
007446.png,saint_bernard,,2,source
007447.png,saint_bernard,,2,source
007449.png,saint_bernard,,2,source
007466.png,saint_bernard,,2,source
007470.png,saint_bernard,,2,source
007491.png,saint_bernard,,2,source
007495.png,saint_bernard,,2,source
007500.png,saint_bernard,,2,source
007508.png,saint_bernard,,2,source
007518.png,saint_bernard,,2,source
007521.png,saint_bernard,,2,source
007523.png,saint_bernard,,2,source
007547.png,saint_bernard,,2,source
007559.png,saint_bernard,,2,source
007580.png,saint_bernard,,2,source
007590.png,saint_bernard,,2,source
007591.png,saint_bernard,,2,source
007596.png,saint_bernard,,2,source
007600.png,saint_bernard,,2,source
007610.png,saint_bernard,,2,source
007625.png,saint_bernard,,2,source
007632.png,saint_bernard,,2,source
007657.png,saint_bernard,,2,source
007660.png,saint_bernard,,2,source
007668.png,saint_bernard,,2,source
007673.png,saint_bernard,,2,source
007704.png,saint_bernard,,2,source
007723.png,saint_bernard,,2,source
007725.png,saint_bernard,,2,source
007734.png,saint_bernard,,2,source
007735.png,saint_bernard,,2,source
007765.png,saint_bernard,,2,source
007774.png,saint_bernard,,2,source
007782.png,saint_bernard,,2,source
007802.png,saint_bernard,,2,source
007815.png,saint_bernard,,2,source
007816.png,saint_bernard,,2,source
007818.png,saint_bernard,,2,source
007824.png,saint_bernard,,2,source
007829.png,saint_bernard,,2,source
007831.png,saint_bernard,,2,source
007838.png,saint_bernard,,2,source
007848.png,saint_bernard,,2,source
007865.png,saint_bernard,,2,source
007884.png,saint_bernard,,2,source
007887.png,saint_bernard,,2,source
007907.png,saint_bernard,,2,source
007913.png,saint_bernard,,2,source
007923.png,saint_bernard,,2,source
007945.png,saint_bernard,,2,source
007948.png,saint_bernard,,2,source
007958.png,saint_bernard,,2,source
007971.png,saint_bernard,,2,source
007975.png,saint_bernard,,2,source
007993.png,saint_bernard,,2,source
008001.png,saint_bernard,,2,source
008012.png,saint_bernard,,2,source
008017.png,saint_bernard,,2,source
008025.png,saint_bernard,,2,source
008033.png,saint_bernard,,2,source
008036.png,saint_bernard,,2,source
008046.png,saint_bernard,,2,source
008049.png,saint_bernard,,2,source
008050.png,saint_bernard,,2,source
008070.png,saint_bernard,,2,source
008082.png,saint_bernard,,2,source
008085.png,saint_bernard,,2,source
008086.png,saint_bernard,,2,source
008103.png,saint_bernard,,2,source
008108.png,saint_bernard,,2,source
008114.png,saint_bernard,,2,source
008124.png,saint_bernard,,2,source
008130.png,saint_bernard,,2,source
008138.png,saint_bernard,,2,source
008148.png,saint_bernard,,2,source
008163.png,saint_bernard,,2,source
008171.png,saint_bernard,,2,source
008177.png,saint_bernard,,2,source
008185.png,saint_bernard,,2,source
008187.png,saint_bernard,,2,source
008195.png,saint_bernard,,2,source
008203.png,saint_bernard,,2,source
008227.png,saint_bernard,,2,source
008237.png,saint_bernard,,2,source
008257.png,saint_bernard,,2,source
008258.png,saint_bernard,,2,source
008264.png,saint_bernard,,2,source
008267.png,saint_bernard,,2,source
008271.png,saint_bernard,,2,source
008281.png,saint_bernard,,2,source
008287.png,saint_bernard,,2,source
008295.png,saint_bernard,,2,source
008297.png,saint_bernard,,2,source
008300.png,saint_bernard,,2,source
008320.png,saint_bernard,,2,source
008363.png,saint_bernard,,2,source
008375.png,saint_bernard,,2,source
008377.png,saint_bernard,,2,source
008379.png,saint_bernard,,2,source
008382.png,saint_bernard,,2,source
008390.png,saint_bernard,,2,source
008399.png,saint_bernard,,2,source
008401.png,saint_bernard,,2,source
008402.png,saint_bernard,,2,source
008420.png,saint_bernard,,2,source
008422.png,saint_bernard,,2,source
008424.png,saint_bernard,,2,source
008436.png,saint_bernard,,2,source
008438.png,saint_bernard,,2,source
008455.png,saint_bernard,,2,source
008484.png,saint_bernard,,2,source
008497.png,saint_bernard,,2,source
008524.png,saint_bernard,,2,source
008530.png,saint_bernard,,2,source
008548.png,saint_bernard,,2,source
008550.png,saint_bernard,,2,source
008552.png,saint_bernard,,2,source
008556.png,saint_bernard,,2,source
008560.png,saint_bernard,,2,source
008562.png,saint_bernard,,2,source
008583.png,saint_bernard,,2,source
008590.png,saint_bernard,,2,source
008607.png,saint_bernard,,2,source
008617.png,saint_bernard,,2,source
008619.png,saint_bernard,,2,source
008632.png,saint_bernard,,2,source
008640.png,saint_bernard,,2,source
008644.png,saint_bernard,,2,source
008650.png,saint_bernard,,2,source
008685.png,saint_bernard,,2,source
008687.png,saint_bernard,,2,source
008724.png,saint_bernard,,2,source
008734.png,saint_bernard,,2,source
008736.png,saint_bernard,,2,source
008751.png,saint_bernard,,2,source
008752.png,saint_bernard,,2,source
008764.png,saint_bernard,,2,source
008785.png,saint_bernard,,2,source
008807.png,saint_bernard,,2,source
008815.png,saint_bernard,,2,source
008817.png,saint_bernard,,2,source
008833.png,saint_bernard,,2,source
008837.png,saint_bernard,,2,source
008850.png,saint_bernard,,2,source
008877.png,saint_bernard,,2,source
008879.png,saint_bernard,,2,source
008906.png,saint_bernard,,2,source
008922.png,saint_bernard,,2,source
008928.png,saint_bernard,,2,source
008949.png,saint_bernard,,2,source
008954.png,saint_bernard,,2,source
008955.png,saint_bernard,,2,source
008979.png,saint_bernard,,2,source
008984.png,saint_bernard,,2,source
008985.png,saint_bernard,,2,source
008995.png,saint_bernard,,2,source
009000.png,saint_bernard,,2,source
009006.png,saint_bernard,,2,source
009013.png,saint_bernard,,2,source
009024.png,saint_bernard,,2,source
009027.png,saint_bernard,,2,source
009038.png,saint_bernard,,2,source
009047.png,saint_bernard,,2,source
009069.png,saint_bernard,,2,source
009077.png,saint_bernard,,2,source
009089.png,saint_bernard,,2,source
009126.png,saint_bernard,,2,source
009145.png,saint_bernard,,2,source
009150.png,saint_bernard,,2,source
009159.png,saint_bernard,,2,source
009168.png,saint_bernard,,2,source
009170.png,saint_bernard,,2,source
009178.png,saint_bernard,,2,source
009192.png,saint_bernard,,2,source
009194.png,saint_bernard,,2,source
009197.png,saint_bernard,,2,source
009200.png,saint_bernard,,2,source
009204.png,saint_bernard,,2,source
009210.png,saint_bernard,,2,source
009225.png,saint_bernard,,2,source
009237.png,saint_bernard,,2,source
009238.png,saint_bernard,,2,source
009246.png,saint_bernard,,2,source
009271.png,saint_bernard,,2,source
009274.png,saint_bernard,,2,source
009292.png,saint_bernard,,2,source
009295.png,saint_bernard,,2,source
009299.png,saint_bernard,,2,source
009305.png,saint_bernard,,2,source
009315.png,saint_bernard,,2,source
009318.png,saint_bernard,,2,source
009319.png,saint_bernard,,2,source
009324.png,saint_bernard,,2,source
009338.png,saint_bernard,,2,source
009343.png,saint_bernard,,2,source
009369.png,saint_bernard,,2,source
009383.png,saint_bernard,,2,source
009387.png,saint_bernard,,2,source
009392.png,saint_bernard,,2,source
009406.png,saint_bernard,,2,source
009416.png,saint_bernard,,2,source
009421.png,saint_bernard,,2,source
009502.png,saint_bernard,,2,source
009512.png,saint_bernard,,2,source
009515.png,saint_bernard,,2,source
009526.png,saint_bernard,,2,source
009529.png,saint_bernard,,2,source
009543.png,saint_bernard,,2,source
009545.png,saint_bernard,,2,source
009569.png,saint_bernard,,2,source
009573.png,saint_bernard,,2,source
009584.png,saint_bernard,,2,source
009606.png,saint_bernard,,2,source
009613.png,saint_bernard,,2,source
009620.png,saint_bernard,,2,source
009622.png,saint_bernard,,2,source
009636.png,saint_bernard,,2,source
009647.png,saint_bernard,,2,source
009650.png,saint_bernard,,2,source
009651.png,saint_bernard,,2,source
009661.png,saint_bernard,,2,source
009674.png,saint_bernard,,2,source
009679.png,saint_bernard,,2,source
009685.png,saint_bernard,,2,source
009710.png,saint_bernard,,2,source
009727.png,saint_bernard,,2,source
009762.png,saint_bernard,,2,source
009767.png,saint_bernard,,2,source
009778.png,saint_bernard,,2,source
009787.png,saint_bernard,,2,source
009795.png,saint_bernard,,2,source
009800.png,saint_bernard,,2,source
009808.png,saint_bernard,,2,source
009833.png,saint_bernard,,2,source
009869.png,saint_bernard,,2,source
009870.png,saint_bernard,,2,source
009875.png,saint_bernard,,2,source
009886.png,saint_bernard,,2,source
009887.png,saint_bernard,,2,source
009891.png,saint_bernard,,2,source
009899.png,saint_bernard,,2,source
009921.png,saint_bernard,,2,source
009935.png,saint_bernard,,2,source
009961.png,saint_bernard,,2,source
009982.png,saint_bernard,,2,source
010004.png,saint_bernard,,2,source
010007.png,saint_bernard,,2,source
010015.png,saint_bernard,,2,source
010028.png,saint_bernard,,2,source
010043.png,saint_bernard,,2,source
010049.png,saint_bernard,,2,source
010053.png,saint_bernard,,2,source
010059.png,saint_bernard,,2,source
010083.png,saint_bernard,,2,source
010085.png,saint_bernard,,2,source
010094.png,saint_bernard,,2,source
010105.png,saint_bernard,,2,source
010115.png,saint_bernard,,2,source
010124.png,saint_bernard,,2,source
010127.png,saint_bernard,,2,source
010128.png,saint_bernard,,2,source
010134.png,saint_bernard,,2,source
010136.png,saint_bernard,,2,source
010142.png,saint_bernard,,2,source
010146.png,saint_bernard,,2,source
010149.png,saint_bernard,,2,source
010153.png,saint_bernard,,2,source
010156.png,saint_bernard,,2,source
010180.png,saint_bernard,,2,source
010191.png,saint_bernard,,2,source
000024.png,samoyed,train,0,source
000027.png,samoyed,train,0,source
000035.png,samoyed,train,0,source
000041.png,samoyed,train,0,source
000043.png,samoyed,train,0,source
000073.png,samoyed,train,0,source
000084.png,samoyed,train,0,source
000107.png,samoyed,train,0,source
000122.png,samoyed,train,0,source
000134.png,samoyed,train,0,source
000136.png,samoyed,train,0,source
000143.png,samoyed,train,0,source
000151.png,samoyed,train,0,source
000156.png,samoyed,train,0,source
000158.png,samoyed,train,0,source
000162.png,samoyed,train,0,source
000196.png,samoyed,train,0,source
000200.png,samoyed,train,0,source
000207.png,samoyed,train,0,source
000209.png,samoyed,train,0,source
000216.png,samoyed,train,0,source
000223.png,samoyed,train,0,source
000230.png,samoyed,train,0,source
000236.png,samoyed,train,0,source
000240.png,samoyed,train,0,source
000259.png,samoyed,train,0,source
000263.png,samoyed,train,0,source
000269.png,samoyed,train,0,source
000279.png,samoyed,train,0,source
000281.png,samoyed,train,0,source
000293.png,samoyed,train,0,source
000310.png,samoyed,train,0,source
000312.png,samoyed,train,0,source
000322.png,samoyed,train,0,source
000326.png,samoyed,train,0,source
000331.png,samoyed,train,0,source
000354.png,samoyed,train,0,source
000360.png,samoyed,train,0,source
000383.png,samoyed,train,0,source
000397.png,samoyed,train,0,source
000414.png,samoyed,train,0,source
000425.png,samoyed,train,0,source
000427.png,samoyed,train,0,source
000450.png,samoyed,train,0,source
000452.png,samoyed,train,0,source
000477.png,samoyed,train,0,source
000482.png,samoyed,train,0,source
000485.png,samoyed,train,0,source
000509.png,samoyed,train,0,source
000512.png,samoyed,train,0,source
000513.png,samoyed,train,0,source
000536.png,samoyed,train,0,source
000547.png,samoyed,train,0,source
000607.png,samoyed,train,0,source
000618.png,samoyed,train,0,source
000620.png,samoyed,train,0,source
000628.png,samoyed,train,0,source
000653.png,samoyed,train,0,source
000656.png,samoyed,train,0,source
000671.png,samoyed,train,0,source
000702.png,samoyed,train,0,source
000734.png,samoyed,train,0,source
000736.png,samoyed,train,0,source
000760.png,samoyed,train,0,source
000761.png,samoyed,train,0,source
000777.png,samoyed,train,0,source
000779.png,samoyed,train,0,source
000786.png,samoyed,train,0,source
000800.png,samoyed,train,0,source
000807.png,samoyed,train,0,source
000812.png,samoyed,train,0,source
000826.png,samoyed,train,0,source
000834.png,samoyed,train,0,source
000842.png,samoyed,train,0,source
000863.png,samoyed,train,0,source
000870.png,samoyed,train,0,source
000888.png,samoyed,train,0,source
000898.png,samoyed,train,0,source
000908.png,samoyed,train,0,source
000911.png,samoyed,train,0,source
000912.png,samoyed,train,0,source
000915.png,samoyed,train,0,source
000916.png,samoyed,train,0,source
000937.png,samoyed,train,0,source
000938.png,samoyed,train,0,source
000961.png,samoyed,train,0,source
000970.png,samoyed,train,0,source
000980.png,samoyed,train,0,source
000981.png,samoyed,train,0,source
000988.png,samoyed,train,0,source
001010.png,samoyed,train,0,source
001011.png,samoyed,train,0,source
001020.png,samoyed,train,0,source
001028.png,samoyed,train,0,source
001031.png,samoyed,train,0,source
001036.png,samoyed,train,0,source
001060.png,samoyed,train,0,source
001071.png,samoyed,train,0,source
001093.png,samoyed,train,0,source
001114.png,samoyed,train,0,source
001120.png,samoyed,train,0,source
001127.png,samoyed,train,0,source
001135.png,samoyed,train,0,source
001149.png,samoyed,train,0,source
001156.png,samoyed,train,0,source
001186.png,samoyed,train,0,source
001202.png,samoyed,train,0,source
001209.png,samoyed,train,0,source
001218.png,samoyed,train,0,source
001226.png,samoyed,train,0,source
001238.png,samoyed,train,0,source
001242.png,samoyed,train,0,source
001245.png,samoyed,train,0,source
001254.png,samoyed,train,0,source
001262.png,samoyed,train,0,source
001264.png,samoyed,train,0,source
001266.png,samoyed,train,0,source
001267.png,samoyed,train,0,source
001271.png,samoyed,train,0,source
001277.png,samoyed,train,0,source
001281.png,samoyed,train,0,source
001282.png,samoyed,train,0,source
001305.png,samoyed,train,0,source
001312.png,samoyed,train,0,source
001339.png,samoyed,train,0,source
001342.png,samoyed,train,0,source
001346.png,samoyed,train,0,source
001351.png,samoyed,train,0,source
001359.png,samoyed,train,0,source
001362.png,samoyed,train,0,source
001366.png,samoyed,train,0,source
001368.png,samoyed,train,0,source
001394.png,samoyed,train,0,source
001399.png,samoyed,train,0,source
001407.png,samoyed,train,0,source
001417.png,samoyed,train,0,source
001422.png,samoyed,train,0,source
001432.png,samoyed,train,0,source
001436.png,samoyed,train,0,source
001437.png,samoyed,train,0,source
001448.png,samoyed,train,0,source
001454.png,samoyed,train,0,source
001474.png,samoyed,train,0,source
001478.png,samoyed,train,0,source
001486.png,samoyed,train,0,source
001496.png,samoyed,train,0,source
001497.png,samoyed,train,0,source
001504.png,samoyed,train,0,source
001537.png,samoyed,train,0,source
001570.png,samoyed,train,0,source
001599.png,samoyed,train,0,source
001600.png,samoyed,train,0,source
001615.png,samoyed,train,0,source
001642.png,samoyed,train,0,source
001649.png,samoyed,train,0,source
001661.png,samoyed,train,0,source
001666.png,samoyed,train,0,source
001694.png,samoyed,train,0,source
001718.png,samoyed,train,0,source
001752.png,samoyed,train,0,source
001756.png,samoyed,train,0,source
001767.png,samoyed,train,0,source
001792.png,samoyed,train,0,source
001801.png,samoyed,train,0,source
001838.png,samoyed,train,0,source
001864.png,samoyed,train,0,source
001868.png,samoyed,train,0,source
001872.png,samoyed,train,0,source
001875.png,samoyed,train,0,source
001879.png,samoyed,train,0,source
001892.png,samoyed,train,0,source
001903.png,samoyed,train,0,source
001904.png,samoyed,train,0,source
001913.png,samoyed,train,0,source
001928.png,samoyed,train,0,source
001943.png,samoyed,train,0,source
001957.png,samoyed,train,0,source
001970.png,samoyed,train,0,source
001985.png,samoyed,train,0,source
001990.png,samoyed,train,0,source
001994.png,samoyed,train,0,source
002012.png,samoyed,train,0,source
002058.png,samoyed,train,0,source
002072.png,samoyed,train,0,source
002076.png,samoyed,train,0,source
002084.png,samoyed,train,0,source
002088.png,samoyed,train,0,source
002095.png,samoyed,train,0,source
002128.png,samoyed,train,0,source
002142.png,samoyed,train,0,source
002145.png,samoyed,train,0,source
002150.png,samoyed,train,0,source
002156.png,samoyed,train,0,source
002161.png,samoyed,train,0,source
002166.png,samoyed,train,0,source
002167.png,samoyed,train,0,source
002170.png,samoyed,train,0,source
002174.png,samoyed,train,0,source
002175.png,samoyed,train,0,source
002198.png,samoyed,train,0,source
002210.png,samoyed,train,0,source
002215.png,samoyed,train,0,source
002216.png,samoyed,train,0,source
002223.png,samoyed,train,0,source
002230.png,samoyed,train,0,source
002239.png,samoyed,train,0,source
002270.png,samoyed,train,0,source
002285.png,samoyed,train,0,source
002288.png,samoyed,train,0,source
002295.png,samoyed,train,0,source
002321.png,samoyed,train,0,source
002327.png,samoyed,train,0,source
002339.png,samoyed,train,0,source
002376.png,samoyed,train,0,source
002380.png,samoyed,train,0,source
002395.png,samoyed,train,0,source
002409.png,samoyed,train,0,source
002410.png,samoyed,train,0,source
002452.png,samoyed,train,0,source
002459.png,samoyed,train,0,source
002485.png,samoyed,train,0,source
002491.png,samoyed,train,0,source
002494.png,samoyed,train,0,source
002504.png,samoyed,train,0,source
002506.png,samoyed,train,0,source
002511.png,samoyed,train,0,source
002525.png,samoyed,train,0,source
002531.png,samoyed,train,0,source
002538.png,samoyed,train,0,source
002545.png,samoyed,train,0,source
002548.png,samoyed,train,0,source
002562.png,samoyed,train,0,source
002571.png,samoyed,train,0,source
002574.png,samoyed,train,0,source
002595.png,samoyed,train,0,source
002599.png,samoyed,train,0,source
002609.png,samoyed,train,0,source
002623.png,samoyed,train,0,source
002635.png,samoyed,train,0,source
002643.png,samoyed,train,0,source
002644.png,samoyed,train,0,source
002649.png,samoyed,train,0,source
002656.png,samoyed,train,0,source
002662.png,samoyed,train,0,source
002676.png,samoyed,train,0,source
002703.png,samoyed,train,0,source
002731.png,samoyed,train,0,source
002732.png,samoyed,train,0,source
002735.png,samoyed,train,0,source
002752.png,samoyed,train,0,source
002755.png,samoyed,val,0,source
002761.png,samoyed,val,0,source
002771.png,samoyed,val,0,source
002781.png,samoyed,val,0,source
002798.png,samoyed,val,0,source
002804.png,samoyed,val,0,source
002805.png,samoyed,val,0,source
002827.png,samoyed,val,0,source
002832.png,samoyed,val,0,source
002841.png,samoyed,val,0,source
002852.png,samoyed,val,0,source
002876.png,samoyed,val,0,source
002880.png,samoyed,val,0,source
002890.png,samoyed,val,0,source
002903.png,samoyed,val,0,source
002905.png,samoyed,val,0,source
002911.png,samoyed,val,0,source
002918.png,samoyed,val,0,source
002926.png,samoyed,val,0,source
002941.png,samoyed,val,0,source
002942.png,samoyed,val,0,source
002952.png,samoyed,val,0,source
002980.png,samoyed,val,0,source
002989.png,samoyed,val,0,source
003000.png,samoyed,val,0,source
003003.png,samoyed,val,0,source
003010.png,samoyed,val,0,source
003026.png,samoyed,val,0,source
003038.png,samoyed,val,0,source
003056.png,samoyed,val,0,source
003091.png,samoyed,val,0,source
003096.png,samoyed,val,0,source
003108.png,samoyed,val,0,source
003117.png,samoyed,val,0,source
003122.png,samoyed,val,0,source
003127.png,samoyed,val,0,source
003145.png,samoyed,val,0,source
003152.png,samoyed,val,0,source
003158.png,samoyed,val,0,source
003160.png,samoyed,val,0,source
003220.png,samoyed,val,0,source
003225.png,samoyed,val,0,source
003233.png,samoyed,val,0,source
003242.png,samoyed,val,0,source
003247.png,samoyed,val,0,source
003260.png,samoyed,val,0,source
003279.png,samoyed,val,0,source
003281.png,samoyed,val,0,source
003284.png,samoyed,val,0,source
003290.png,samoyed,val,0,source
003294.png,samoyed,val,0,source
003318.png,samoyed,val,0,source
003326.png,samoyed,val,0,source
003356.png,samoyed,val,0,source
003362.png,samoyed,val,0,source
003377.png,samoyed,val,0,source
003403.png,samoyed,val,0,source
003412.png,samoyed,val,0,source
003420.png,samoyed,val,0,source
003442.png,samoyed,val,0,source
003444.png,samoyed,val,0,source
003453.png,samoyed,val,0,source
003481.png,samoyed,val,0,source
003500.png,samoyed,val,0,source
003519.png,samoyed,val,0,source
003533.png,samoyed,val,0,source
003551.png,samoyed,val,0,source
003577.png,samoyed,val,0,source
003588.png,samoyed,val,0,source
003601.png,samoyed,val,0,source
003616.png,samoyed,val,0,source
003618.png,samoyed,val,0,source
003628.png,samoyed,val,0,source
003644.png,samoyed,val,0,source
003647.png,samoyed,val,0,source
003661.png,samoyed,val,0,source
003666.png,samoyed,val,0,source
003678.png,samoyed,val,0,source
003679.png,samoyed,val,0,source
003680.png,samoyed,val,0,source
003689.png,samoyed,val,0,source
003696.png,samoyed,val,0,source
003699.png,samoyed,val,0,source
003706.png,samoyed,val,0,source
003712.png,samoyed,val,0,source
003719.png,samoyed,val,0,source
003720.png,samoyed,val,0,source
003722.png,samoyed,val,0,source
003724.png,samoyed,val,0,source
003731.png,samoyed,val,0,source
003737.png,samoyed,val,0,source
003749.png,samoyed,val,0,source
003751.png,samoyed,val,0,source
003755.png,samoyed,val,0,source
003763.png,samoyed,val,0,source
003793.png,samoyed,val,0,source
003813.png,samoyed,val,0,source
003814.png,samoyed,val,0,source
003822.png,samoyed,val,0,source
003823.png,samoyed,val,0,source
003829.png,samoyed,val,0,source
003832.png,samoyed,val,0,source
003834.png,samoyed,val,0,source
003835.png,samoyed,val,0,source
003837.png,samoyed,val,0,source
003858.png,samoyed,val,0,source
003861.png,samoyed,val,0,source
003866.png,samoyed,val,0,source
003876.png,samoyed,val,0,source
003877.png,samoyed,val,0,source
003899.png,samoyed,val,0,source
003902.png,samoyed,val,0,source
003905.png,samoyed,val,0,source
003934.png,samoyed,val,0,source
003936.png,samoyed,val,0,source
003941.png,samoyed,val,0,source
003951.png,samoyed,val,0,source
003958.png,samoyed,val,0,source
003961.png,samoyed,val,0,source
003963.png,samoyed,val,0,source
003975.png,samoyed,val,0,source
003985.png,samoyed,val,0,source
004034.png,samoyed,val,0,source
004038.png,samoyed,val,0,source
004045.png,samoyed,val,0,source
004055.png,samoyed,val,0,source
004057.png,samoyed,val,0,source
004069.png,samoyed,val,0,source
004077.png,samoyed,val,0,source
004085.png,samoyed,val,0,source
004100.png,samoyed,val,0,source
004112.png,samoyed,val,0,source
004132.png,samoyed,val,0,source
004140.png,samoyed,val,0,source
004142.png,samoyed,val,0,source
004151.png,samoyed,val,0,source
004153.png,samoyed,val,0,source
004160.png,samoyed,val,0,source
004175.png,samoyed,val,0,source
004180.png,samoyed,val,0,source
004188.png,samoyed,val,0,source
004189.png,samoyed,val,0,source
004194.png,samoyed,val,0,source
004195.png,samoyed,val,0,source
004202.png,samoyed,val,0,source
004203.png,samoyed,val,0,source
004227.png,samoyed,val,0,source
004234.png,samoyed,val,0,source
004235.png,samoyed,val,0,source
004245.png,samoyed,val,0,source
004256.png,samoyed,test,0,source
004258.png,samoyed,test,0,source
004261.png,samoyed,test,0,source
004284.png,samoyed,test,0,source
004287.png,samoyed,test,0,source
004297.png,samoyed,test,0,source
004298.png,samoyed,test,0,source
004302.png,samoyed,test,0,source
004304.png,samoyed,test,0,source
004315.png,samoyed,test,0,source
004319.png,samoyed,test,0,source
004322.png,samoyed,test,0,source
004325.png,samoyed,test,0,source
004335.png,samoyed,test,0,source
004360.png,samoyed,test,0,source
004365.png,samoyed,test,0,source
004371.png,samoyed,test,0,source
004398.png,samoyed,test,0,source
004402.png,samoyed,test,0,source
004424.png,samoyed,test,0,source
004434.png,samoyed,test,0,source
004439.png,samoyed,test,0,source
004446.png,samoyed,test,0,source
004448.png,samoyed,test,0,source
004460.png,samoyed,test,0,source
004472.png,samoyed,test,0,source
004476.png,samoyed,test,0,source
004482.png,samoyed,test,0,source
004500.png,samoyed,test,0,source
004513.png,samoyed,test,0,source
004531.png,samoyed,test,0,source
004542.png,samoyed,test,0,source
004544.png,samoyed,test,0,source
004572.png,samoyed,test,0,source
004580.png,samoyed,test,0,source
004581.png,samoyed,test,0,source
004589.png,samoyed,test,0,source
004599.png,samoyed,test,0,source
004600.png,samoyed,test,0,source
004610.png,samoyed,test,0,source
004612.png,samoyed,test,0,source
004630.png,samoyed,test,0,source
004656.png,samoyed,test,0,source
004665.png,samoyed,test,0,source
004686.png,samoyed,test,0,source
004696.png,samoyed,test,0,source
004700.png,samoyed,test,0,source
004709.png,samoyed,test,0,source
004710.png,samoyed,test,0,source
004711.png,samoyed,test,0,source
004727.png,samoyed,test,0,source
004733.png,samoyed,test,0,source
004734.png,samoyed,test,0,source
004739.png,samoyed,test,0,source
004747.png,samoyed,test,0,source
004757.png,samoyed,test,0,source
004768.png,samoyed,test,0,source
004773.png,samoyed,test,0,source
004792.png,samoyed,test,0,source
004799.png,samoyed,test,0,source
004803.png,samoyed,test,0,source
004810.png,samoyed,test,0,source
004812.png,samoyed,test,0,source
004814.png,samoyed,test,0,source
004820.png,samoyed,test,0,source
004826.png,samoyed,test,0,source
004829.png,samoyed,test,0,source
004830.png,samoyed,test,0,source
004835.png,samoyed,test,0,source
004841.png,samoyed,test,0,source
004849.png,samoyed,test,0,source
004855.png,samoyed,test,0,source
004880.png,samoyed,test,0,source
004886.png,samoyed,test,0,source
004912.png,samoyed,test,0,source
004920.png,samoyed,test,0,source
004959.png,samoyed,test,0,source
004973.png,samoyed,test,0,source
004986.png,samoyed,test,0,source
004992.png,samoyed,test,0,source
004997.png,samoyed,test,0,source
005000.png,samoyed,test,0,source
005003.png,samoyed,test,0,source
005018.png,samoyed,test,0,source
005023.png,samoyed,test,0,source
005027.png,samoyed,test,0,source
005029.png,samoyed,test,0,source
005032.png,samoyed,test,0,source
005033.png,samoyed,test,0,source
005050.png,samoyed,test,0,source
005082.png,samoyed,test,0,source
005084.png,samoyed,test,0,source
005098.png,samoyed,test,0,source
005127.png,samoyed,test,0,source
005148.png,samoyed,test,0,source
005177.png,samoyed,test,0,source
005188.png,samoyed,test,0,source
005189.png,samoyed,test,0,source
005239.png,samoyed,test,0,source
005245.png,samoyed,test,0,source
005251.png,samoyed,test,0,source
005280.png,samoyed,test,0,source
005299.png,samoyed,test,0,source
005313.png,samoyed,test,0,source
005326.png,samoyed,test,0,source
005343.png,samoyed,test,0,source
005352.png,samoyed,test,0,source
005372.png,samoyed,test,0,source
005378.png,samoyed,test,0,source
005385.png,samoyed,test,0,source
005392.png,samoyed,test,0,source
005396.png,samoyed,test,0,source
005399.png,samoyed,test,0,source
005409.png,samoyed,test,0,source
005440.png,samoyed,test,0,source
005451.png,samoyed,test,0,source
005460.png,samoyed,test,0,source
005469.png,samoyed,test,0,source
005505.png,samoyed,test,0,source
005540.png,samoyed,test,0,source
005542.png,samoyed,test,0,source
005549.png,samoyed,test,0,source
005566.png,samoyed,test,0,source
005594.png,samoyed,test,0,source
005597.png,samoyed,test,0,source
005598.png,samoyed,test,0,source
005609.png,samoyed,test,0,source
005610.png,samoyed,test,0,source
005616.png,samoyed,test,0,source
005622.png,samoyed,test,0,source
005625.png,samoyed,test,0,source
005629.png,samoyed,test,0,source
005632.png,samoyed,test,0,source
005639.png,samoyed,test,0,source
005642.png,samoyed,test,0,source
005644.png,samoyed,test,0,source
005647.png,samoyed,test,0,source
005649.png,samoyed,test,0,source
005651.png,samoyed,test,0,source
005657.png,samoyed,test,0,source
005659.png,samoyed,test,0,source
005662.png,samoyed,test,0,source
005671.png,samoyed,test,0,source
005674.png,samoyed,test,0,source
005688.png,samoyed,test,0,source
005694.png,samoyed,test,0,source
005695.png,samoyed,test,0,source
005697.png,samoyed,test,0,source
005704.png,samoyed,test,0,source
005707.png,samoyed,test,0,source
005712.png,samoyed,,0,source
005715.png,samoyed,,0,source
005726.png,samoyed,,0,source
005734.png,samoyed,,0,source
005741.png,samoyed,,0,source
005749.png,samoyed,,0,source
005764.png,samoyed,,0,source
005776.png,samoyed,,0,source
005778.png,samoyed,,0,source
005783.png,samoyed,,0,source
005802.png,samoyed,,0,source
005809.png,samoyed,,0,source
005814.png,samoyed,,0,source
005822.png,samoyed,,0,source
005824.png,samoyed,,0,source
005857.png,samoyed,,0,source
005871.png,samoyed,,0,source
005873.png,samoyed,,0,source
005875.png,samoyed,,0,source
005893.png,samoyed,,0,source
005897.png,samoyed,,0,source
005910.png,samoyed,,0,source
005927.png,samoyed,,0,source
005944.png,samoyed,,0,source
005952.png,samoyed,,0,source
005972.png,samoyed,,0,source
006002.png,samoyed,,0,source
006004.png,samoyed,,0,source
006006.png,samoyed,,0,source
006009.png,samoyed,,0,source
006020.png,samoyed,,0,source
006035.png,samoyed,,0,source
006058.png,samoyed,,0,source
006082.png,samoyed,,0,source
006084.png,samoyed,,0,source
006089.png,samoyed,,0,source
006090.png,samoyed,,0,source
006091.png,samoyed,,0,source
006095.png,samoyed,,0,source
006103.png,samoyed,,0,source
006106.png,samoyed,,0,source
006109.png,samoyed,,0,source
006112.png,samoyed,,0,source
006120.png,samoyed,,0,source
006123.png,samoyed,,0,source
006131.png,samoyed,,0,source
006136.png,samoyed,,0,source
006139.png,samoyed,,0,source
006144.png,samoyed,,0,source
006155.png,samoyed,,0,source
006157.png,samoyed,,0,source
006169.png,samoyed,,0,source
006181.png,samoyed,,0,source
006184.png,samoyed,,0,source
006201.png,samoyed,,0,source
006210.png,samoyed,,0,source
006223.png,samoyed,,0,source
006232.png,samoyed,,0,source
006233.png,samoyed,,0,source
006247.png,samoyed,,0,source
006272.png,samoyed,,0,source
006285.png,samoyed,,0,source
006307.png,samoyed,,0,source
006328.png,samoyed,,0,source
006377.png,samoyed,,0,source
006378.png,samoyed,,0,source
006382.png,samoyed,,0,source
006386.png,samoyed,,0,source
006389.png,samoyed,,0,source
006402.png,samoyed,,0,source
006410.png,samoyed,,0,source
006415.png,samoyed,,0,source
006426.png,samoyed,,0,source
006433.png,samoyed,,0,source
006436.png,samoyed,,0,source
006445.png,samoyed,,0,source
006493.png,samoyed,,0,source
006525.png,samoyed,,0,source
006533.png,samoyed,,0,source
006544.png,samoyed,,0,source
006550.png,samoyed,,0,source
006551.png,samoyed,,0,source
006561.png,samoyed,,0,source
006570.png,samoyed,,0,source
006593.png,samoyed,,0,source
006598.png,samoyed,,0,source
006610.png,samoyed,,0,source
006615.png,samoyed,,0,source
006628.png,samoyed,,0,source
006643.png,samoyed,,0,source
006651.png,samoyed,,0,source
006652.png,samoyed,,0,source
006660.png,samoyed,,0,source
006688.png,samoyed,,0,source
006698.png,samoyed,,0,source
006708.png,samoyed,,0,source
006714.png,samoyed,,0,source
006767.png,samoyed,,0,source
006772.png,samoyed,,0,source
006792.png,samoyed,,0,source
006793.png,samoyed,,0,source
006796.png,samoyed,,0,source
006797.png,samoyed,,0,source
006805.png,samoyed,,0,source
006807.png,samoyed,,0,source
006818.png,samoyed,,0,source
006827.png,samoyed,,0,source
006838.png,samoyed,,0,source
006854.png,samoyed,,0,source
006856.png,samoyed,,0,source
006869.png,samoyed,,0,source
006880.png,samoyed,,0,source
006884.png,samoyed,,0,source
006891.png,samoyed,,0,source
006892.png,samoyed,,0,source
006910.png,samoyed,,0,source
006923.png,samoyed,,0,source
006924.png,samoyed,,0,source
006961.png,samoyed,,0,source
006973.png,samoyed,,0,source
006975.png,samoyed,,0,source
007002.png,samoyed,,0,source
007016.png,samoyed,,0,source
007029.png,samoyed,,0,source
007055.png,samoyed,,0,source
007060.png,samoyed,,0,source
007069.png,samoyed,,0,source
007071.png,samoyed,,0,source
007081.png,samoyed,,0,source
007090.png,samoyed,,0,source
007099.png,samoyed,,0,source
007104.png,samoyed,,0,source
007113.png,samoyed,,0,source
007116.png,samoyed,,0,source
007127.png,samoyed,,0,source
007128.png,samoyed,,0,source
007132.png,samoyed,,0,source
007135.png,samoyed,,0,source
007141.png,samoyed,,0,source
007145.png,samoyed,,0,source
007157.png,samoyed,,0,source
007177.png,samoyed,,0,source
007188.png,samoyed,,0,source
007193.png,samoyed,,0,source
007207.png,samoyed,,0,source
007208.png,samoyed,,0,source
007209.png,samoyed,,0,source
007223.png,samoyed,,0,source
007239.png,samoyed,,0,source
007242.png,samoyed,,0,source
007256.png,samoyed,,0,source
007257.png,samoyed,,0,source
007261.png,samoyed,,0,source
007266.png,samoyed,,0,source
007267.png,samoyed,,0,source
007292.png,samoyed,,0,source
007310.png,samoyed,,0,source
007314.png,samoyed,,0,source
007329.png,samoyed,,0,source
007343.png,samoyed,,0,source
007382.png,samoyed,,0,source
007391.png,samoyed,,0,source
007392.png,samoyed,,0,source
007396.png,samoyed,,0,source
007403.png,samoyed,,0,source
007414.png,samoyed,,0,source
007423.png,samoyed,,0,source
007439.png,samoyed,,0,source
007442.png,samoyed,,0,source
007448.png,samoyed,,0,source
007452.png,samoyed,,0,source
007464.png,samoyed,,0,source
007465.png,samoyed,,0,source
007471.png,samoyed,,0,source
007472.png,samoyed,,0,source
007476.png,samoyed,,0,source
007481.png,samoyed,,0,source
007484.png,samoyed,,0,source
007490.png,samoyed,,0,source
007499.png,samoyed,,0,source
007511.png,samoyed,,0,source
007540.png,samoyed,,0,source
007545.png,samoyed,,0,source
007549.png,samoyed,,0,source
007560.png,samoyed,,0,source
007574.png,samoyed,,0,source
007598.png,samoyed,,0,source
007617.png,samoyed,,0,source
007622.png,samoyed,,0,source
007663.png,samoyed,,0,source
007670.png,samoyed,,0,source
007672.png,samoyed,,0,source
007677.png,samoyed,,0,source
007680.png,samoyed,,0,source
007690.png,samoyed,,0,source
007694.png,samoyed,,0,source
007695.png,samoyed,,0,source
007703.png,samoyed,,0,source
007724.png,samoyed,,0,source
007741.png,samoyed,,0,source
007745.png,samoyed,,0,source
007750.png,samoyed,,0,source
007761.png,samoyed,,0,source
007789.png,samoyed,,0,source
007803.png,samoyed,,0,source
007822.png,samoyed,,0,source
007833.png,samoyed,,0,source
007841.png,samoyed,,0,source
007853.png,samoyed,,0,source
007881.png,samoyed,,0,source
007922.png,samoyed,,0,source
007930.png,samoyed,,0,source
007941.png,samoyed,,0,source
007947.png,samoyed,,0,source
007970.png,samoyed,,0,source
007979.png,samoyed,,0,source
007981.png,samoyed,,0,source
007987.png,samoyed,,0,source
007990.png,samoyed,,0,source
007992.png,samoyed,,0,source
007994.png,samoyed,,0,source
007999.png,samoyed,,0,source
008002.png,samoyed,,0,source
008005.png,samoyed,,0,source
008020.png,samoyed,,0,source
008024.png,samoyed,,0,source
008030.png,samoyed,,0,source
008034.png,samoyed,,0,source
008039.png,samoyed,,0,source
008040.png,samoyed,,0,source
008041.png,samoyed,,0,source
008042.png,samoyed,,0,source
008063.png,samoyed,,0,source
008077.png,samoyed,,0,source
008078.png,samoyed,,0,source
008084.png,samoyed,,0,source
008095.png,samoyed,,0,source
008113.png,samoyed,,0,source
008117.png,samoyed,,0,source
008120.png,samoyed,,0,source
008126.png,samoyed,,0,source
008143.png,samoyed,,0,source
008155.png,samoyed,,0,source
008159.png,samoyed,,0,source
008162.png,samoyed,,0,source
008164.png,samoyed,,0,source
008179.png,samoyed,,0,source
008191.png,samoyed,,0,source
008200.png,samoyed,,0,source
008201.png,samoyed,,0,source
008221.png,samoyed,,0,source
008222.png,samoyed,,0,source
008225.png,samoyed,,0,source
008232.png,samoyed,,0,source
008254.png,samoyed,,0,source
008280.png,samoyed,,0,source
008291.png,samoyed,,0,source
008301.png,samoyed,,0,source
008308.png,samoyed,,0,source
008311.png,samoyed,,0,source
008328.png,samoyed,,0,source
008334.png,samoyed,,0,source
008350.png,samoyed,,0,source
008357.png,samoyed,,0,source
008371.png,samoyed,,0,source
008376.png,samoyed,,0,source
008380.png,samoyed,,0,source
008388.png,samoyed,,0,source
008395.png,samoyed,,0,source
008412.png,samoyed,,0,source
008413.png,samoyed,,0,source
008428.png,samoyed,,0,source
008431.png,samoyed,,0,source
008442.png,samoyed,,0,source
008477.png,samoyed,,0,source
008480.png,samoyed,,0,source
008490.png,samoyed,,0,source
008491.png,samoyed,,0,source
008493.png,samoyed,,0,source
008495.png,samoyed,,0,source
008500.png,samoyed,,0,source
008504.png,samoyed,,0,source
008513.png,samoyed,,0,source
008517.png,samoyed,,0,source
008551.png,samoyed,,0,source
008594.png,samoyed,,0,source
008597.png,samoyed,,0,source
008611.png,samoyed,,0,source
008620.png,samoyed,,0,source
008621.png,samoyed,,0,source
008629.png,samoyed,,0,source
008635.png,samoyed,,0,source
008636.png,samoyed,,0,source
008641.png,samoyed,,0,source
008643.png,samoyed,,0,source
008645.png,samoyed,,0,source
008661.png,samoyed,,0,source
008679.png,samoyed,,0,source
008682.png,samoyed,,0,source
008683.png,samoyed,,0,source
008691.png,samoyed,,0,source
008703.png,samoyed,,0,source
008704.png,samoyed,,0,source
008705.png,samoyed,,0,source
008710.png,samoyed,,0,source
008712.png,samoyed,,0,source
008715.png,samoyed,,0,source
008733.png,samoyed,,0,source
008744.png,samoyed,,0,source
008745.png,samoyed,,0,source
008769.png,samoyed,,0,source
008777.png,samoyed,,0,source
008789.png,samoyed,,0,source
008791.png,samoyed,,0,source
008803.png,samoyed,,0,source
008844.png,samoyed,,0,source
008846.png,samoyed,,0,source
008866.png,samoyed,,0,source
008871.png,samoyed,,0,source
008872.png,samoyed,,0,source
008873.png,samoyed,,0,source
008883.png,samoyed,,0,source
008892.png,samoyed,,0,source
008910.png,samoyed,,0,source
008911.png,samoyed,,0,source
008912.png,samoyed,,0,source
008936.png,samoyed,,0,source
008937.png,samoyed,,0,source
008945.png,samoyed,,0,source
008950.png,samoyed,,0,source
008960.png,samoyed,,0,source
008965.png,samoyed,,0,source
008972.png,samoyed,,0,source
008973.png,samoyed,,0,source
008975.png,samoyed,,0,source
009003.png,samoyed,,0,source
009007.png,samoyed,,0,source
009009.png,samoyed,,0,source
009021.png,samoyed,,0,source
009035.png,samoyed,,0,source
009043.png,samoyed,,0,source
009044.png,samoyed,,0,source
009057.png,samoyed,,0,source
009061.png,samoyed,,0,source
009066.png,samoyed,,0,source
009085.png,samoyed,,0,source
009092.png,samoyed,,0,source
009095.png,samoyed,,0,source
009103.png,samoyed,,0,source
009105.png,samoyed,,0,source
009106.png,samoyed,,0,source
009112.png,samoyed,,0,source
009117.png,samoyed,,0,source
009132.png,samoyed,,0,source
009134.png,samoyed,,0,source
009144.png,samoyed,,0,source
009149.png,samoyed,,0,source
009160.png,samoyed,,0,source
009171.png,samoyed,,0,source
009182.png,samoyed,,0,source
009187.png,samoyed,,0,source
009206.png,samoyed,,0,source
009207.png,samoyed,,0,source
009208.png,samoyed,,0,source
009211.png,samoyed,,0,source
009215.png,samoyed,,0,source
009229.png,samoyed,,0,source
009233.png,samoyed,,0,source
009239.png,samoyed,,0,source
009251.png,samoyed,,0,source
009259.png,samoyed,,0,source
009260.png,samoyed,,0,source
009286.png,samoyed,,0,source
009306.png,samoyed,,0,source
009332.png,samoyed,,0,source
009342.png,samoyed,,0,source
009346.png,samoyed,,0,source
009347.png,samoyed,,0,source
009355.png,samoyed,,0,source
009365.png,samoyed,,0,source
009379.png,samoyed,,0,source
009380.png,samoyed,,0,source
009382.png,samoyed,,0,source
009411.png,samoyed,,0,source
009418.png,samoyed,,0,source
009433.png,samoyed,,0,source
009445.png,samoyed,,0,source
009450.png,samoyed,,0,source
009455.png,samoyed,,0,source
009458.png,samoyed,,0,source
009460.png,samoyed,,0,source
009477.png,samoyed,,0,source
009490.png,samoyed,,0,source
009501.png,samoyed,,0,source
009505.png,samoyed,,0,source
009511.png,samoyed,,0,source
009533.png,samoyed,,0,source
009540.png,samoyed,,0,source
009570.png,samoyed,,0,source
009571.png,samoyed,,0,source
009572.png,samoyed,,0,source
009579.png,samoyed,,0,source
009601.png,samoyed,,0,source
009605.png,samoyed,,0,source
009618.png,samoyed,,0,source
009633.png,samoyed,,0,source
009640.png,samoyed,,0,source
009646.png,samoyed,,0,source
009652.png,samoyed,,0,source
009665.png,samoyed,,0,source
009683.png,samoyed,,0,source
009692.png,samoyed,,0,source
009706.png,samoyed,,0,source
009711.png,samoyed,,0,source
009712.png,samoyed,,0,source
009713.png,samoyed,,0,source
009721.png,samoyed,,0,source
009734.png,samoyed,,0,source
009742.png,samoyed,,0,source
009743.png,samoyed,,0,source
009746.png,samoyed,,0,source
009753.png,samoyed,,0,source
009765.png,samoyed,,0,source
009771.png,samoyed,,0,source
009773.png,samoyed,,0,source
009781.png,samoyed,,0,source
009812.png,samoyed,,0,source
009819.png,samoyed,,0,source
009823.png,samoyed,,0,source
009832.png,samoyed,,0,source
009841.png,samoyed,,0,source
009848.png,samoyed,,0,source
009849.png,samoyed,,0,source
009850.png,samoyed,,0,source
009854.png,samoyed,,0,source
009862.png,samoyed,,0,source
009871.png,samoyed,,0,source
009872.png,samoyed,,0,source
009906.png,samoyed,,0,source
009923.png,samoyed,,0,source
009925.png,samoyed,,0,source
009928.png,samoyed,,0,source
009933.png,samoyed,,0,source
009956.png,samoyed,,0,source
009959.png,samoyed,,0,source
009970.png,samoyed,,0,source
009976.png,samoyed,,0,source
009996.png,samoyed,,0,source
010000.png,samoyed,,0,source
010008.png,samoyed,,0,source
010012.png,samoyed,,0,source
010027.png,samoyed,,0,source
010035.png,samoyed,,0,source
010050.png,samoyed,,0,source
010055.png,samoyed,,0,source
010073.png,samoyed,,0,source
010084.png,samoyed,,0,source
010102.png,samoyed,,0,source
010114.png,samoyed,,0,source
010118.png,samoyed,,0,source
010123.png,samoyed,,0,source
010141.png,samoyed,,0,source
010150.png,samoyed,,0,source
010151.png,samoyed,,0,source
010160.png,samoyed,,0,source
010176.png,samoyed,,0,source
010193.png,samoyed,,0,source
010201.png,samoyed,,0,source
010203.png,samoyed,,0,source
010208.png,samoyed,,0,source
010213.png,samoyed,,0,source
010215.png,samoyed,,0,source
000003.png,siberian_husky,train,6,source
000008.png,siberian_husky,train,6,source
000009.png,siberian_husky,train,6,source
000011.png,siberian_husky,train,6,source
000012.png,siberian_husky,train,6,source
000019.png,siberian_husky,train,6,source
000021.png,siberian_husky,train,6,source
000028.png,siberian_husky,train,6,source
000030.png,siberian_husky,train,6,source
000036.png,siberian_husky,train,6,source
000046.png,siberian_husky,train,6,source
000064.png,siberian_husky,train,6,source
000071.png,siberian_husky,train,6,source
000077.png,siberian_husky,train,6,source
000081.png,siberian_husky,train,6,source
000088.png,siberian_husky,train,6,source
000098.png,siberian_husky,train,6,source
000110.png,siberian_husky,train,6,source
000112.png,siberian_husky,train,6,source
000120.png,siberian_husky,train,6,source
000121.png,siberian_husky,train,6,source
000124.png,siberian_husky,train,6,source
000127.png,siberian_husky,train,6,source
000129.png,siberian_husky,train,6,source
000161.png,siberian_husky,train,6,source
000164.png,siberian_husky,train,6,source
000174.png,siberian_husky,train,6,source
000175.png,siberian_husky,train,6,source
000189.png,siberian_husky,train,6,source
000202.png,siberian_husky,train,6,source
000205.png,siberian_husky,train,6,source
000208.png,siberian_husky,train,6,source
000213.png,siberian_husky,train,6,source
000225.png,siberian_husky,train,6,source
000243.png,siberian_husky,train,6,source
000244.png,siberian_husky,train,6,source
000245.png,siberian_husky,train,6,source
000246.png,siberian_husky,train,6,source
000249.png,siberian_husky,train,6,source
000282.png,siberian_husky,train,6,source
000290.png,siberian_husky,train,6,source
000301.png,siberian_husky,train,6,source
000311.png,siberian_husky,train,6,source
000344.png,siberian_husky,train,6,source
000361.png,siberian_husky,train,6,source
000362.png,siberian_husky,train,6,source
000368.png,siberian_husky,train,6,source
000402.png,siberian_husky,train,6,source
000408.png,siberian_husky,train,6,source
000413.png,siberian_husky,train,6,source
000417.png,siberian_husky,train,6,source
000419.png,siberian_husky,train,6,source
000420.png,siberian_husky,train,6,source
000428.png,siberian_husky,train,6,source
000436.png,siberian_husky,train,6,source
000440.png,siberian_husky,train,6,source
000442.png,siberian_husky,train,6,source
000447.png,siberian_husky,train,6,source
000462.png,siberian_husky,train,6,source
000471.png,siberian_husky,train,6,source
000500.png,siberian_husky,train,6,source
000502.png,siberian_husky,train,6,source
000504.png,siberian_husky,train,6,source
000506.png,siberian_husky,train,6,source
000515.png,siberian_husky,train,6,source
000523.png,siberian_husky,train,6,source
000524.png,siberian_husky,train,6,source
000544.png,siberian_husky,train,6,source
000552.png,siberian_husky,train,6,source
000564.png,siberian_husky,train,6,source
000573.png,siberian_husky,train,6,source
000580.png,siberian_husky,train,6,source
000592.png,siberian_husky,train,6,source
000595.png,siberian_husky,train,6,source
000596.png,siberian_husky,train,6,source
000601.png,siberian_husky,train,6,source
000610.png,siberian_husky,train,6,source
000611.png,siberian_husky,train,6,source
000619.png,siberian_husky,train,6,source
000632.png,siberian_husky,train,6,source
000642.png,siberian_husky,train,6,source
000645.png,siberian_husky,train,6,source
000647.png,siberian_husky,train,6,source
000654.png,siberian_husky,train,6,source
000659.png,siberian_husky,train,6,source
000664.png,siberian_husky,train,6,source
000674.png,siberian_husky,train,6,source
000691.png,siberian_husky,train,6,source
000696.png,siberian_husky,train,6,source
000716.png,siberian_husky,train,6,source
000718.png,siberian_husky,train,6,source
000722.png,siberian_husky,train,6,source
000726.png,siberian_husky,train,6,source
000764.png,siberian_husky,train,6,source
000770.png,siberian_husky,train,6,source
000773.png,siberian_husky,train,6,source
000792.png,siberian_husky,train,6,source
000802.png,siberian_husky,train,6,source
000804.png,siberian_husky,train,6,source
000818.png,siberian_husky,train,6,source
000840.png,siberian_husky,train,6,source
000841.png,siberian_husky,train,6,source
000850.png,siberian_husky,train,6,source
000856.png,siberian_husky,train,6,source
000876.png,siberian_husky,train,6,source
000891.png,siberian_husky,train,6,source
000913.png,siberian_husky,train,6,source
000926.png,siberian_husky,train,6,source
000945.png,siberian_husky,train,6,source
000954.png,siberian_husky,train,6,source
000979.png,siberian_husky,train,6,source
000985.png,siberian_husky,train,6,source
000993.png,siberian_husky,train,6,source
000994.png,siberian_husky,train,6,source
001002.png,siberian_husky,train,6,source
001037.png,siberian_husky,train,6,source
001066.png,siberian_husky,train,6,source
001072.png,siberian_husky,train,6,source
001074.png,siberian_husky,train,6,source
001081.png,siberian_husky,train,6,source
001094.png,siberian_husky,train,6,source
001097.png,siberian_husky,train,6,source
001113.png,siberian_husky,train,6,source
001115.png,siberian_husky,train,6,source
001117.png,siberian_husky,train,6,source
001143.png,siberian_husky,train,6,source
001145.png,siberian_husky,train,6,source
001165.png,siberian_husky,train,6,source
001169.png,siberian_husky,train,6,source
001173.png,siberian_husky,train,6,source
001185.png,siberian_husky,train,6,source
001189.png,siberian_husky,train,6,source
001193.png,siberian_husky,train,6,source
001195.png,siberian_husky,train,6,source
001212.png,siberian_husky,train,6,source
001246.png,siberian_husky,train,6,source
001249.png,siberian_husky,train,6,source
001250.png,siberian_husky,train,6,source
001255.png,siberian_husky,train,6,source
001259.png,siberian_husky,train,6,source
001290.png,siberian_husky,train,6,source
001292.png,siberian_husky,train,6,source
001293.png,siberian_husky,train,6,source
001295.png,siberian_husky,train,6,source
001299.png,siberian_husky,train,6,source
001306.png,siberian_husky,train,6,source
001318.png,siberian_husky,train,6,source
001322.png,siberian_husky,train,6,source
001324.png,siberian_husky,train,6,source
001328.png,siberian_husky,train,6,source
001330.png,siberian_husky,train,6,source
001343.png,siberian_husky,train,6,source
001345.png,siberian_husky,train,6,source
001347.png,siberian_husky,train,6,source
001352.png,siberian_husky,train,6,source
001364.png,siberian_husky,train,6,source
001377.png,siberian_husky,train,6,source
001390.png,siberian_husky,train,6,source
001395.png,siberian_husky,train,6,source
001398.png,siberian_husky,train,6,source
001429.png,siberian_husky,train,6,source
001430.png,siberian_husky,train,6,source
001433.png,siberian_husky,train,6,source
001438.png,siberian_husky,train,6,source
001439.png,siberian_husky,train,6,source
001444.png,siberian_husky,train,6,source
001456.png,siberian_husky,train,6,source
001462.png,siberian_husky,train,6,source
001471.png,siberian_husky,train,6,source
001498.png,siberian_husky,train,6,source
001511.png,siberian_husky,train,6,source
001516.png,siberian_husky,train,6,source
001522.png,siberian_husky,train,6,source
001536.png,siberian_husky,train,6,source
001538.png,siberian_husky,train,6,source
001565.png,siberian_husky,train,6,source
001575.png,siberian_husky,train,6,source
001583.png,siberian_husky,train,6,source
001584.png,siberian_husky,train,6,source
001585.png,siberian_husky,train,6,source
001604.png,siberian_husky,train,6,source
001605.png,siberian_husky,train,6,source
001611.png,siberian_husky,train,6,source
001627.png,siberian_husky,train,6,source
001629.png,siberian_husky,train,6,source
001633.png,siberian_husky,train,6,source
001638.png,siberian_husky,train,6,source
001654.png,siberian_husky,train,6,source
001677.png,siberian_husky,train,6,source
001710.png,siberian_husky,train,6,source
001714.png,siberian_husky,train,6,source
001723.png,siberian_husky,train,6,source
001746.png,siberian_husky,train,6,source
001753.png,siberian_husky,train,6,source
001758.png,siberian_husky,train,6,source
001766.png,siberian_husky,train,6,source
001772.png,siberian_husky,train,6,source
001778.png,siberian_husky,train,6,source
001781.png,siberian_husky,train,6,source
001785.png,siberian_husky,train,6,source
001789.png,siberian_husky,train,6,source
001795.png,siberian_husky,train,6,source
001807.png,siberian_husky,train,6,source
001818.png,siberian_husky,train,6,source
001821.png,siberian_husky,train,6,source
001855.png,siberian_husky,train,6,source
001866.png,siberian_husky,train,6,source
001867.png,siberian_husky,train,6,source
001886.png,siberian_husky,train,6,source
001902.png,siberian_husky,train,6,source
001915.png,siberian_husky,train,6,source
001961.png,siberian_husky,train,6,source
001983.png,siberian_husky,train,6,source
002005.png,siberian_husky,train,6,source
002009.png,siberian_husky,train,6,source
002011.png,siberian_husky,train,6,source
002026.png,siberian_husky,train,6,source
002028.png,siberian_husky,train,6,source
002036.png,siberian_husky,train,6,source
002044.png,siberian_husky,train,6,source
002051.png,siberian_husky,train,6,source
002052.png,siberian_husky,train,6,source
002057.png,siberian_husky,train,6,source
002063.png,siberian_husky,train,6,source
002069.png,siberian_husky,train,6,source
002078.png,siberian_husky,train,6,source
002092.png,siberian_husky,train,6,source
002097.png,siberian_husky,train,6,source
002099.png,siberian_husky,train,6,source
002115.png,siberian_husky,train,6,source
002119.png,siberian_husky,train,6,source
002137.png,siberian_husky,train,6,source
002146.png,siberian_husky,train,6,source
002159.png,siberian_husky,train,6,source
002169.png,siberian_husky,train,6,source
002177.png,siberian_husky,train,6,source
002189.png,siberian_husky,train,6,source
002190.png,siberian_husky,train,6,source
002205.png,siberian_husky,train,6,source
002220.png,siberian_husky,train,6,source
002244.png,siberian_husky,train,6,source
002249.png,siberian_husky,train,6,source
002258.png,siberian_husky,train,6,source
002263.png,siberian_husky,train,6,source
002276.png,siberian_husky,train,6,source
002277.png,siberian_husky,train,6,source
002279.png,siberian_husky,train,6,source
002290.png,siberian_husky,train,6,source
002291.png,siberian_husky,train,6,source
002297.png,siberian_husky,train,6,source
002314.png,siberian_husky,val,6,source
002329.png,siberian_husky,val,6,source
002340.png,siberian_husky,val,6,source
002341.png,siberian_husky,val,6,source
002343.png,siberian_husky,val,6,source
002344.png,siberian_husky,val,6,source
002377.png,siberian_husky,val,6,source
002393.png,siberian_husky,val,6,source
002394.png,siberian_husky,val,6,source
002401.png,siberian_husky,val,6,source
002402.png,siberian_husky,val,6,source
002416.png,siberian_husky,val,6,source
002433.png,siberian_husky,val,6,source
002445.png,siberian_husky,val,6,source
002458.png,siberian_husky,val,6,source
002463.png,siberian_husky,val,6,source
002478.png,siberian_husky,val,6,source
002480.png,siberian_husky,val,6,source
002482.png,siberian_husky,val,6,source
002483.png,siberian_husky,val,6,source
002484.png,siberian_husky,val,6,source
002489.png,siberian_husky,val,6,source
002498.png,siberian_husky,val,6,source
002503.png,siberian_husky,val,6,source
002514.png,siberian_husky,val,6,source
002540.png,siberian_husky,val,6,source
002551.png,siberian_husky,val,6,source
002589.png,siberian_husky,val,6,source
002596.png,siberian_husky,val,6,source
002605.png,siberian_husky,val,6,source
002625.png,siberian_husky,val,6,source
002629.png,siberian_husky,val,6,source
002636.png,siberian_husky,val,6,source
002640.png,siberian_husky,val,6,source
002653.png,siberian_husky,val,6,source
002655.png,siberian_husky,val,6,source
002657.png,siberian_husky,val,6,source
002680.png,siberian_husky,val,6,source
002717.png,siberian_husky,val,6,source
002727.png,siberian_husky,val,6,source
002742.png,siberian_husky,val,6,source
002746.png,siberian_husky,val,6,source
002758.png,siberian_husky,val,6,source
002759.png,siberian_husky,val,6,source
002794.png,siberian_husky,val,6,source
002807.png,siberian_husky,val,6,source
002822.png,siberian_husky,val,6,source
002849.png,siberian_husky,val,6,source
002874.png,siberian_husky,val,6,source
002875.png,siberian_husky,val,6,source
002878.png,siberian_husky,val,6,source
002879.png,siberian_husky,val,6,source
002882.png,siberian_husky,val,6,source
002886.png,siberian_husky,val,6,source
002887.png,siberian_husky,val,6,source
002909.png,siberian_husky,val,6,source
002916.png,siberian_husky,val,6,source
002921.png,siberian_husky,val,6,source
002930.png,siberian_husky,val,6,source
002931.png,siberian_husky,val,6,source
002947.png,siberian_husky,val,6,source
002956.png,siberian_husky,val,6,source
002985.png,siberian_husky,val,6,source
003012.png,siberian_husky,val,6,source
003020.png,siberian_husky,val,6,source
003023.png,siberian_husky,val,6,source
003033.png,siberian_husky,val,6,source
003036.png,siberian_husky,val,6,source
003037.png,siberian_husky,val,6,source
003047.png,siberian_husky,val,6,source
003057.png,siberian_husky,val,6,source
003069.png,siberian_husky,val,6,source
003075.png,siberian_husky,val,6,source
003088.png,siberian_husky,val,6,source
003090.png,siberian_husky,val,6,source
003097.png,siberian_husky,val,6,source
003098.png,siberian_husky,val,6,source
003139.png,siberian_husky,val,6,source
003141.png,siberian_husky,val,6,source
003142.png,siberian_husky,val,6,source
003155.png,siberian_husky,val,6,source
003170.png,siberian_husky,val,6,source
003191.png,siberian_husky,val,6,source
003194.png,siberian_husky,val,6,source
003207.png,siberian_husky,val,6,source
003219.png,siberian_husky,val,6,source
003243.png,siberian_husky,val,6,source
003246.png,siberian_husky,val,6,source
003272.png,siberian_husky,val,6,source
003309.png,siberian_husky,val,6,source
003311.png,siberian_husky,val,6,source
003325.png,siberian_husky,val,6,source
003334.png,siberian_husky,val,6,source
003337.png,siberian_husky,val,6,source
003354.png,siberian_husky,val,6,source
003358.png,siberian_husky,val,6,source
003365.png,siberian_husky,val,6,source
003388.png,siberian_husky,val,6,source
003390.png,siberian_husky,val,6,source
003391.png,siberian_husky,val,6,source
003404.png,siberian_husky,val,6,source
003408.png,siberian_husky,val,6,source
003413.png,siberian_husky,val,6,source
003414.png,siberian_husky,val,6,source
003416.png,siberian_husky,val,6,source
003437.png,siberian_husky,val,6,source
003449.png,siberian_husky,val,6,source
003466.png,siberian_husky,val,6,source
003470.png,siberian_husky,val,6,source
003471.png,siberian_husky,val,6,source
003474.png,siberian_husky,val,6,source
003486.png,siberian_husky,val,6,source
003488.png,siberian_husky,val,6,source
003499.png,siberian_husky,val,6,source
003510.png,siberian_husky,val,6,source
003556.png,siberian_husky,val,6,source
003590.png,siberian_husky,val,6,source
003597.png,siberian_husky,val,6,source
003613.png,siberian_husky,val,6,source
003615.png,siberian_husky,val,6,source
003620.png,siberian_husky,val,6,source
003623.png,siberian_husky,val,6,source
003649.png,siberian_husky,val,6,source
003652.png,siberian_husky,val,6,source
003653.png,siberian_husky,val,6,source
003674.png,siberian_husky,val,6,source
003681.png,siberian_husky,val,6,source
003691.png,siberian_husky,val,6,source
003704.png,siberian_husky,val,6,source
003758.png,siberian_husky,val,6,source
003760.png,siberian_husky,val,6,source
003777.png,siberian_husky,val,6,source
003779.png,siberian_husky,val,6,source
003781.png,siberian_husky,val,6,source
003786.png,siberian_husky,val,6,source
003788.png,siberian_husky,val,6,source
003797.png,siberian_husky,val,6,source
003801.png,siberian_husky,val,6,source
003821.png,siberian_husky,val,6,source
003826.png,siberian_husky,val,6,source
003830.png,siberian_husky,val,6,source
003857.png,siberian_husky,val,6,source
003864.png,siberian_husky,val,6,source
003868.png,siberian_husky,val,6,source
003886.png,siberian_husky,val,6,source
003906.png,siberian_husky,val,6,source
003923.png,siberian_husky,val,6,source
003935.png,siberian_husky,val,6,source
003939.png,siberian_husky,val,6,source
003940.png,siberian_husky,val,6,source
003967.png,siberian_husky,test,6,source
003971.png,siberian_husky,test,6,source
003996.png,siberian_husky,test,6,source
004008.png,siberian_husky,test,6,source
004010.png,siberian_husky,test,6,source
004020.png,siberian_husky,test,6,source
004029.png,siberian_husky,test,6,source
004054.png,siberian_husky,test,6,source
004056.png,siberian_husky,test,6,source
004063.png,siberian_husky,test,6,source
004081.png,siberian_husky,test,6,source
004099.png,siberian_husky,test,6,source
004105.png,siberian_husky,test,6,source
004120.png,siberian_husky,test,6,source
004139.png,siberian_husky,test,6,source
004146.png,siberian_husky,test,6,source
004148.png,siberian_husky,test,6,source
004167.png,siberian_husky,test,6,source
004169.png,siberian_husky,test,6,source
004182.png,siberian_husky,test,6,source
004190.png,siberian_husky,test,6,source
004196.png,siberian_husky,test,6,source
004199.png,siberian_husky,test,6,source
004237.png,siberian_husky,test,6,source
004266.png,siberian_husky,test,6,source
004288.png,siberian_husky,test,6,source
004289.png,siberian_husky,test,6,source
004327.png,siberian_husky,test,6,source
004381.png,siberian_husky,test,6,source
004382.png,siberian_husky,test,6,source
004385.png,siberian_husky,test,6,source
004388.png,siberian_husky,test,6,source
004400.png,siberian_husky,test,6,source
004433.png,siberian_husky,test,6,source
004449.png,siberian_husky,test,6,source
004451.png,siberian_husky,test,6,source
004458.png,siberian_husky,test,6,source
004461.png,siberian_husky,test,6,source
004478.png,siberian_husky,test,6,source
004480.png,siberian_husky,test,6,source
004484.png,siberian_husky,test,6,source
004490.png,siberian_husky,test,6,source
004494.png,siberian_husky,test,6,source
004501.png,siberian_husky,test,6,source
004518.png,siberian_husky,test,6,source
004523.png,siberian_husky,test,6,source
004525.png,siberian_husky,test,6,source
004553.png,siberian_husky,test,6,source
004559.png,siberian_husky,test,6,source
004564.png,siberian_husky,test,6,source
004568.png,siberian_husky,test,6,source
004588.png,siberian_husky,test,6,source
004595.png,siberian_husky,test,6,source
004597.png,siberian_husky,test,6,source
004605.png,siberian_husky,test,6,source
004606.png,siberian_husky,test,6,source
004614.png,siberian_husky,test,6,source
004623.png,siberian_husky,test,6,source
004627.png,siberian_husky,test,6,source
004639.png,siberian_husky,test,6,source
004648.png,siberian_husky,test,6,source
004649.png,siberian_husky,test,6,source
004679.png,siberian_husky,test,6,source
004694.png,siberian_husky,test,6,source
004707.png,siberian_husky,test,6,source
004728.png,siberian_husky,test,6,source
004730.png,siberian_husky,test,6,source
004736.png,siberian_husky,test,6,source
004745.png,siberian_husky,test,6,source
004749.png,siberian_husky,test,6,source
004776.png,siberian_husky,test,6,source
004777.png,siberian_husky,test,6,source
004789.png,siberian_husky,test,6,source
004806.png,siberian_husky,test,6,source
004816.png,siberian_husky,test,6,source
004828.png,siberian_husky,test,6,source
004848.png,siberian_husky,test,6,source
004856.png,siberian_husky,test,6,source
004857.png,siberian_husky,test,6,source
004860.png,siberian_husky,test,6,source
004863.png,siberian_husky,test,6,source
004906.png,siberian_husky,test,6,source
004915.png,siberian_husky,test,6,source
004922.png,siberian_husky,test,6,source
004931.png,siberian_husky,test,6,source
004935.png,siberian_husky,test,6,source
004938.png,siberian_husky,test,6,source
004942.png,siberian_husky,test,6,source
004944.png,siberian_husky,test,6,source
004945.png,siberian_husky,test,6,source
004946.png,siberian_husky,test,6,source
004951.png,siberian_husky,test,6,source
004954.png,siberian_husky,test,6,source
004955.png,siberian_husky,test,6,source
004958.png,siberian_husky,test,6,source
004993.png,siberian_husky,test,6,source
005012.png,siberian_husky,test,6,source
005053.png,siberian_husky,test,6,source
005067.png,siberian_husky,test,6,source
005078.png,siberian_husky,test,6,source
005088.png,siberian_husky,test,6,source
005093.png,siberian_husky,test,6,source
005097.png,siberian_husky,test,6,source
005099.png,siberian_husky,test,6,source
005115.png,siberian_husky,test,6,source
005136.png,siberian_husky,test,6,source
005137.png,siberian_husky,test,6,source
005140.png,siberian_husky,test,6,source
005154.png,siberian_husky,test,6,source
005161.png,siberian_husky,test,6,source
005199.png,siberian_husky,test,6,source
005208.png,siberian_husky,test,6,source
005209.png,siberian_husky,test,6,source
005215.png,siberian_husky,test,6,source
005229.png,siberian_husky,test,6,source
005253.png,siberian_husky,test,6,source
005285.png,siberian_husky,test,6,source
005290.png,siberian_husky,test,6,source
005292.png,siberian_husky,test,6,source
005301.png,siberian_husky,test,6,source
005305.png,siberian_husky,test,6,source
005348.png,siberian_husky,test,6,source
005356.png,siberian_husky,test,6,source
005369.png,siberian_husky,test,6,source
005370.png,siberian_husky,test,6,source
005401.png,siberian_husky,test,6,source
005415.png,siberian_husky,test,6,source
005444.png,siberian_husky,test,6,source
005455.png,siberian_husky,test,6,source
005456.png,siberian_husky,test,6,source
005468.png,siberian_husky,test,6,source
005474.png,siberian_husky,test,6,source
005480.png,siberian_husky,test,6,source
005481.png,siberian_husky,test,6,source
005490.png,siberian_husky,test,6,source
005495.png,siberian_husky,test,6,source
005506.png,siberian_husky,test,6,source
005507.png,siberian_husky,test,6,source
005515.png,siberian_husky,test,6,source
005551.png,siberian_husky,test,6,source
005562.png,siberian_husky,test,6,source
005576.png,siberian_husky,test,6,source
005600.png,siberian_husky,test,6,source
005602.png,siberian_husky,test,6,source
005607.png,siberian_husky,test,6,source
005613.png,siberian_husky,test,6,source
005624.png,siberian_husky,test,6,source
005641.png,siberian_husky,test,6,source
005645.png,siberian_husky,test,6,source
005653.png,siberian_husky,test,6,source
005666.png,siberian_husky,,6,source
005667.png,siberian_husky,,6,source
005680.png,siberian_husky,,6,source
005684.png,siberian_husky,,6,source
005686.png,siberian_husky,,6,source
005698.png,siberian_husky,,6,source
005701.png,siberian_husky,,6,source
005706.png,siberian_husky,,6,source
005708.png,siberian_husky,,6,source
005709.png,siberian_husky,,6,source
005716.png,siberian_husky,,6,source
005718.png,siberian_husky,,6,source
005722.png,siberian_husky,,6,source
005729.png,siberian_husky,,6,source
005737.png,siberian_husky,,6,source
005739.png,siberian_husky,,6,source
005742.png,siberian_husky,,6,source
005756.png,siberian_husky,,6,source
005758.png,siberian_husky,,6,source
005774.png,siberian_husky,,6,source
005779.png,siberian_husky,,6,source
005794.png,siberian_husky,,6,source
005795.png,siberian_husky,,6,source
005799.png,siberian_husky,,6,source
005810.png,siberian_husky,,6,source
005812.png,siberian_husky,,6,source
005813.png,siberian_husky,,6,source
005837.png,siberian_husky,,6,source
005844.png,siberian_husky,,6,source
005849.png,siberian_husky,,6,source
005865.png,siberian_husky,,6,source
005878.png,siberian_husky,,6,source
005923.png,siberian_husky,,6,source
005926.png,siberian_husky,,6,source
005930.png,siberian_husky,,6,source
005934.png,siberian_husky,,6,source
005965.png,siberian_husky,,6,source
005966.png,siberian_husky,,6,source
005981.png,siberian_husky,,6,source
005988.png,siberian_husky,,6,source
005990.png,siberian_husky,,6,source
005994.png,siberian_husky,,6,source
006011.png,siberian_husky,,6,source
006014.png,siberian_husky,,6,source
006026.png,siberian_husky,,6,source
006031.png,siberian_husky,,6,source
006048.png,siberian_husky,,6,source
006052.png,siberian_husky,,6,source
006059.png,siberian_husky,,6,source
006063.png,siberian_husky,,6,source
006066.png,siberian_husky,,6,source
006067.png,siberian_husky,,6,source
006068.png,siberian_husky,,6,source
006069.png,siberian_husky,,6,source
006070.png,siberian_husky,,6,source
006079.png,siberian_husky,,6,source
006086.png,siberian_husky,,6,source
006101.png,siberian_husky,,6,source
006110.png,siberian_husky,,6,source
006124.png,siberian_husky,,6,source
006142.png,siberian_husky,,6,source
006143.png,siberian_husky,,6,source
006145.png,siberian_husky,,6,source
006149.png,siberian_husky,,6,source
006156.png,siberian_husky,,6,source
006163.png,siberian_husky,,6,source
006174.png,siberian_husky,,6,source
006175.png,siberian_husky,,6,source
006196.png,siberian_husky,,6,source
006200.png,siberian_husky,,6,source
006203.png,siberian_husky,,6,source
006214.png,siberian_husky,,6,source
006216.png,siberian_husky,,6,source
006220.png,siberian_husky,,6,source
006227.png,siberian_husky,,6,source
006246.png,siberian_husky,,6,source
006277.png,siberian_husky,,6,source
006280.png,siberian_husky,,6,source
006295.png,siberian_husky,,6,source
006308.png,siberian_husky,,6,source
006312.png,siberian_husky,,6,source
006317.png,siberian_husky,,6,source
006319.png,siberian_husky,,6,source
006322.png,siberian_husky,,6,source
006324.png,siberian_husky,,6,source
006329.png,siberian_husky,,6,source
006344.png,siberian_husky,,6,source
006359.png,siberian_husky,,6,source
006364.png,siberian_husky,,6,source
006375.png,siberian_husky,,6,source
006385.png,siberian_husky,,6,source
006390.png,siberian_husky,,6,source
006397.png,siberian_husky,,6,source
006406.png,siberian_husky,,6,source
006417.png,siberian_husky,,6,source
006420.png,siberian_husky,,6,source
006435.png,siberian_husky,,6,source
006439.png,siberian_husky,,6,source
006444.png,siberian_husky,,6,source
006451.png,siberian_husky,,6,source
006461.png,siberian_husky,,6,source
006465.png,siberian_husky,,6,source
006472.png,siberian_husky,,6,source
006499.png,siberian_husky,,6,source
006503.png,siberian_husky,,6,source
006517.png,siberian_husky,,6,source
006545.png,siberian_husky,,6,source
006555.png,siberian_husky,,6,source
006559.png,siberian_husky,,6,source
006564.png,siberian_husky,,6,source
006566.png,siberian_husky,,6,source
006604.png,siberian_husky,,6,source
006614.png,siberian_husky,,6,source
006621.png,siberian_husky,,6,source
006622.png,siberian_husky,,6,source
006626.png,siberian_husky,,6,source
006633.png,siberian_husky,,6,source
006634.png,siberian_husky,,6,source
006654.png,siberian_husky,,6,source
006655.png,siberian_husky,,6,source
006659.png,siberian_husky,,6,source
006675.png,siberian_husky,,6,source
006687.png,siberian_husky,,6,source
006690.png,siberian_husky,,6,source
006736.png,siberian_husky,,6,source
006742.png,siberian_husky,,6,source
006764.png,siberian_husky,,6,source
006769.png,siberian_husky,,6,source
006778.png,siberian_husky,,6,source
006780.png,siberian_husky,,6,source
006799.png,siberian_husky,,6,source
006812.png,siberian_husky,,6,source
006836.png,siberian_husky,,6,source
006841.png,siberian_husky,,6,source
006848.png,siberian_husky,,6,source
006850.png,siberian_husky,,6,source
006851.png,siberian_husky,,6,source
006862.png,siberian_husky,,6,source
006876.png,siberian_husky,,6,source
006881.png,siberian_husky,,6,source
006895.png,siberian_husky,,6,source
006899.png,siberian_husky,,6,source
006902.png,siberian_husky,,6,source
006913.png,siberian_husky,,6,source
006915.png,siberian_husky,,6,source
006918.png,siberian_husky,,6,source
006959.png,siberian_husky,,6,source
006962.png,siberian_husky,,6,source
006970.png,siberian_husky,,6,source
006987.png,siberian_husky,,6,source
007001.png,siberian_husky,,6,source
007006.png,siberian_husky,,6,source
007007.png,siberian_husky,,6,source
007010.png,siberian_husky,,6,source
007022.png,siberian_husky,,6,source
007024.png,siberian_husky,,6,source
007028.png,siberian_husky,,6,source
007036.png,siberian_husky,,6,source
007039.png,siberian_husky,,6,source
007044.png,siberian_husky,,6,source
007052.png,siberian_husky,,6,source
007053.png,siberian_husky,,6,source
007056.png,siberian_husky,,6,source
007065.png,siberian_husky,,6,source
007070.png,siberian_husky,,6,source
007075.png,siberian_husky,,6,source
007080.png,siberian_husky,,6,source
007089.png,siberian_husky,,6,source
007096.png,siberian_husky,,6,source
007102.png,siberian_husky,,6,source
007112.png,siberian_husky,,6,source
007115.png,siberian_husky,,6,source
007119.png,siberian_husky,,6,source
007144.png,siberian_husky,,6,source
007148.png,siberian_husky,,6,source
007155.png,siberian_husky,,6,source
007171.png,siberian_husky,,6,source
007191.png,siberian_husky,,6,source
007200.png,siberian_husky,,6,source
007205.png,siberian_husky,,6,source
007230.png,siberian_husky,,6,source
007238.png,siberian_husky,,6,source
007241.png,siberian_husky,,6,source
007245.png,siberian_husky,,6,source
007251.png,siberian_husky,,6,source
007270.png,siberian_husky,,6,source
007281.png,siberian_husky,,6,source
007297.png,siberian_husky,,6,source
007305.png,siberian_husky,,6,source
007322.png,siberian_husky,,6,source
007326.png,siberian_husky,,6,source
007333.png,siberian_husky,,6,source
007335.png,siberian_husky,,6,source
007344.png,siberian_husky,,6,source
007355.png,siberian_husky,,6,source
007367.png,siberian_husky,,6,source
007374.png,siberian_husky,,6,source
007413.png,siberian_husky,,6,source
007421.png,siberian_husky,,6,source
007432.png,siberian_husky,,6,source
007480.png,siberian_husky,,6,source
007483.png,siberian_husky,,6,source
007496.png,siberian_husky,,6,source
007502.png,siberian_husky,,6,source
007506.png,siberian_husky,,6,source
007510.png,siberian_husky,,6,source
007512.png,siberian_husky,,6,source
007513.png,siberian_husky,,6,source
007528.png,siberian_husky,,6,source
007536.png,siberian_husky,,6,source
007552.png,siberian_husky,,6,source
007557.png,siberian_husky,,6,source
007562.png,siberian_husky,,6,source
007577.png,siberian_husky,,6,source
007585.png,siberian_husky,,6,source
007592.png,siberian_husky,,6,source
007604.png,siberian_husky,,6,source
007609.png,siberian_husky,,6,source
007627.png,siberian_husky,,6,source
007630.png,siberian_husky,,6,source
007650.png,siberian_husky,,6,source
007661.png,siberian_husky,,6,source
007692.png,siberian_husky,,6,source
007701.png,siberian_husky,,6,source
007712.png,siberian_husky,,6,source
007716.png,siberian_husky,,6,source
007729.png,siberian_husky,,6,source
007730.png,siberian_husky,,6,source
007732.png,siberian_husky,,6,source
007733.png,siberian_husky,,6,source
007738.png,siberian_husky,,6,source
007751.png,siberian_husky,,6,source
007756.png,siberian_husky,,6,source
007766.png,siberian_husky,,6,source
007830.png,siberian_husky,,6,source
007846.png,siberian_husky,,6,source
007892.png,siberian_husky,,6,source
007893.png,siberian_husky,,6,source
007894.png,siberian_husky,,6,source
007900.png,siberian_husky,,6,source
007914.png,siberian_husky,,6,source
007925.png,siberian_husky,,6,source
007936.png,siberian_husky,,6,source
007955.png,siberian_husky,,6,source
007956.png,siberian_husky,,6,source
007960.png,siberian_husky,,6,source
007963.png,siberian_husky,,6,source
007980.png,siberian_husky,,6,source
007982.png,siberian_husky,,6,source
008006.png,siberian_husky,,6,source
008021.png,siberian_husky,,6,source
008032.png,siberian_husky,,6,source
008037.png,siberian_husky,,6,source
008048.png,siberian_husky,,6,source
008064.png,siberian_husky,,6,source
008080.png,siberian_husky,,6,source
008081.png,siberian_husky,,6,source
008092.png,siberian_husky,,6,source
008107.png,siberian_husky,,6,source
008116.png,siberian_husky,,6,source
008122.png,siberian_husky,,6,source
008133.png,siberian_husky,,6,source
008144.png,siberian_husky,,6,source
008146.png,siberian_husky,,6,source
008156.png,siberian_husky,,6,source
008160.png,siberian_husky,,6,source
008167.png,siberian_husky,,6,source
008190.png,siberian_husky,,6,source
008197.png,siberian_husky,,6,source
008202.png,siberian_husky,,6,source
008210.png,siberian_husky,,6,source
008216.png,siberian_husky,,6,source
008224.png,siberian_husky,,6,source
008246.png,siberian_husky,,6,source
008265.png,siberian_husky,,6,source
008270.png,siberian_husky,,6,source
008278.png,siberian_husky,,6,source
008290.png,siberian_husky,,6,source
008298.png,siberian_husky,,6,source
008307.png,siberian_husky,,6,source
008309.png,siberian_husky,,6,source
008325.png,siberian_husky,,6,source
008329.png,siberian_husky,,6,source
008331.png,siberian_husky,,6,source
008332.png,siberian_husky,,6,source
008338.png,siberian_husky,,6,source
008355.png,siberian_husky,,6,source
008362.png,siberian_husky,,6,source
008367.png,siberian_husky,,6,source
008372.png,siberian_husky,,6,source
008392.png,siberian_husky,,6,source
008397.png,siberian_husky,,6,source
008408.png,siberian_husky,,6,source
008429.png,siberian_husky,,6,source
008434.png,siberian_husky,,6,source
008435.png,siberian_husky,,6,source
008452.png,siberian_husky,,6,source
008472.png,siberian_husky,,6,source
008496.png,siberian_husky,,6,source
008506.png,siberian_husky,,6,source
008510.png,siberian_husky,,6,source
008518.png,siberian_husky,,6,source
008519.png,siberian_husky,,6,source
008526.png,siberian_husky,,6,source
008536.png,siberian_husky,,6,source
008538.png,siberian_husky,,6,source
008545.png,siberian_husky,,6,source
008558.png,siberian_husky,,6,source
008568.png,siberian_husky,,6,source
008571.png,siberian_husky,,6,source
008592.png,siberian_husky,,6,source
008610.png,siberian_husky,,6,source
008614.png,siberian_husky,,6,source
008628.png,siberian_husky,,6,source
008646.png,siberian_husky,,6,source
008647.png,siberian_husky,,6,source
008663.png,siberian_husky,,6,source
008664.png,siberian_husky,,6,source
008667.png,siberian_husky,,6,source
008670.png,siberian_husky,,6,source
008692.png,siberian_husky,,6,source
008711.png,siberian_husky,,6,source
008721.png,siberian_husky,,6,source
008722.png,siberian_husky,,6,source
008723.png,siberian_husky,,6,source
008740.png,siberian_husky,,6,source
008743.png,siberian_husky,,6,source
008747.png,siberian_husky,,6,source
008759.png,siberian_husky,,6,source
008760.png,siberian_husky,,6,source
008767.png,siberian_husky,,6,source
008772.png,siberian_husky,,6,source
008775.png,siberian_husky,,6,source
008783.png,siberian_husky,,6,source
008784.png,siberian_husky,,6,source
008786.png,siberian_husky,,6,source
008794.png,siberian_husky,,6,source
008801.png,siberian_husky,,6,source
008809.png,siberian_husky,,6,source
008810.png,siberian_husky,,6,source
008818.png,siberian_husky,,6,source
008827.png,siberian_husky,,6,source
008838.png,siberian_husky,,6,source
008843.png,siberian_husky,,6,source
008854.png,siberian_husky,,6,source
008864.png,siberian_husky,,6,source
008868.png,siberian_husky,,6,source
008875.png,siberian_husky,,6,source
008882.png,siberian_husky,,6,source
008893.png,siberian_husky,,6,source
008901.png,siberian_husky,,6,source
008902.png,siberian_husky,,6,source
008903.png,siberian_husky,,6,source
008914.png,siberian_husky,,6,source
008918.png,siberian_husky,,6,source
008935.png,siberian_husky,,6,source
008956.png,siberian_husky,,6,source
009026.png,siberian_husky,,6,source
009028.png,siberian_husky,,6,source
009033.png,siberian_husky,,6,source
009042.png,siberian_husky,,6,source
009046.png,siberian_husky,,6,source
009051.png,siberian_husky,,6,source
009053.png,siberian_husky,,6,source
009054.png,siberian_husky,,6,source
009067.png,siberian_husky,,6,source
009100.png,siberian_husky,,6,source
009123.png,siberian_husky,,6,source
009138.png,siberian_husky,,6,source
009143.png,siberian_husky,,6,source
009146.png,siberian_husky,,6,source
009161.png,siberian_husky,,6,source
009181.png,siberian_husky,,6,source
009188.png,siberian_husky,,6,source
009198.png,siberian_husky,,6,source
009203.png,siberian_husky,,6,source
009216.png,siberian_husky,,6,source
009218.png,siberian_husky,,6,source
009249.png,siberian_husky,,6,source
009262.png,siberian_husky,,6,source
009266.png,siberian_husky,,6,source
009290.png,siberian_husky,,6,source
009302.png,siberian_husky,,6,source
009313.png,siberian_husky,,6,source
009314.png,siberian_husky,,6,source
009350.png,siberian_husky,,6,source
009376.png,siberian_husky,,6,source
009378.png,siberian_husky,,6,source
009388.png,siberian_husky,,6,source
009389.png,siberian_husky,,6,source
009391.png,siberian_husky,,6,source
009402.png,siberian_husky,,6,source
009415.png,siberian_husky,,6,source
009425.png,siberian_husky,,6,source
009431.png,siberian_husky,,6,source
009443.png,siberian_husky,,6,source
009446.png,siberian_husky,,6,source
009462.png,siberian_husky,,6,source
009472.png,siberian_husky,,6,source
009499.png,siberian_husky,,6,source
009551.png,siberian_husky,,6,source
009566.png,siberian_husky,,6,source
009568.png,siberian_husky,,6,source
009576.png,siberian_husky,,6,source
009578.png,siberian_husky,,6,source
009586.png,siberian_husky,,6,source
009588.png,siberian_husky,,6,source
009600.png,siberian_husky,,6,source
009607.png,siberian_husky,,6,source
009628.png,siberian_husky,,6,source
009634.png,siberian_husky,,6,source
009641.png,siberian_husky,,6,source
009655.png,siberian_husky,,6,source
009668.png,siberian_husky,,6,source
009669.png,siberian_husky,,6,source
009671.png,siberian_husky,,6,source
009672.png,siberian_husky,,6,source
009690.png,siberian_husky,,6,source
009691.png,siberian_husky,,6,source
009696.png,siberian_husky,,6,source
009697.png,siberian_husky,,6,source
009699.png,siberian_husky,,6,source
009704.png,siberian_husky,,6,source
009733.png,siberian_husky,,6,source
009738.png,siberian_husky,,6,source
009741.png,siberian_husky,,6,source
009744.png,siberian_husky,,6,source
009769.png,siberian_husky,,6,source
009774.png,siberian_husky,,6,source
009798.png,siberian_husky,,6,source
009805.png,siberian_husky,,6,source
009810.png,siberian_husky,,6,source
009811.png,siberian_husky,,6,source
009814.png,siberian_husky,,6,source
009816.png,siberian_husky,,6,source
009857.png,siberian_husky,,6,source
009877.png,siberian_husky,,6,source
009884.png,siberian_husky,,6,source
009889.png,siberian_husky,,6,source
009907.png,siberian_husky,,6,source
009912.png,siberian_husky,,6,source
009930.png,siberian_husky,,6,source
009942.png,siberian_husky,,6,source
009951.png,siberian_husky,,6,source
009958.png,siberian_husky,,6,source
009968.png,siberian_husky,,6,source
009971.png,siberian_husky,,6,source
009980.png,siberian_husky,,6,source
009994.png,siberian_husky,,6,source
010022.png,siberian_husky,,6,source
010037.png,siberian_husky,,6,source
010038.png,siberian_husky,,6,source
010045.png,siberian_husky,,6,source
010061.png,siberian_husky,,6,source
010065.png,siberian_husky,,6,source
010072.png,siberian_husky,,6,source
010082.png,siberian_husky,,6,source
010086.png,siberian_husky,,6,source
010097.png,siberian_husky,,6,source
010101.png,siberian_husky,,6,source
010104.png,siberian_husky,,6,source
010112.png,siberian_husky,,6,source
010120.png,siberian_husky,,6,source
010125.png,siberian_husky,,6,source
010144.png,siberian_husky,,6,source
010148.png,siberian_husky,,6,source
010158.png,siberian_husky,,6,source
010169.png,siberian_husky,,6,source
010170.png,siberian_husky,,6,source
010171.png,siberian_husky,,6,source
010179.png,siberian_husky,,6,source
010204.png,siberian_husky,,6,source
010212.png,siberian_husky,,6,source
010220.png,siberian_husky,,6,source
000002.png,yorkshire_terrier,train,7,source
000004.png,yorkshire_terrier,train,7,source
000029.png,yorkshire_terrier,train,7,source
000053.png,yorkshire_terrier,train,7,source
000057.png,yorkshire_terrier,train,7,source
000058.png,yorkshire_terrier,train,7,source
000060.png,yorkshire_terrier,train,7,source
000065.png,yorkshire_terrier,train,7,source
000072.png,yorkshire_terrier,train,7,source
000082.png,yorkshire_terrier,train,7,source
000114.png,yorkshire_terrier,train,7,source
000125.png,yorkshire_terrier,train,7,source
000186.png,yorkshire_terrier,train,7,source
000199.png,yorkshire_terrier,train,7,source
000221.png,yorkshire_terrier,train,7,source
000276.png,yorkshire_terrier,train,7,source
000277.png,yorkshire_terrier,train,7,source
000280.png,yorkshire_terrier,train,7,source
000283.png,yorkshire_terrier,train,7,source
000292.png,yorkshire_terrier,train,7,source
000314.png,yorkshire_terrier,train,7,source
000318.png,yorkshire_terrier,train,7,source
000324.png,yorkshire_terrier,train,7,source
000342.png,yorkshire_terrier,train,7,source
000343.png,yorkshire_terrier,train,7,source
000364.png,yorkshire_terrier,train,7,source
000382.png,yorkshire_terrier,train,7,source
000391.png,yorkshire_terrier,train,7,source
000412.png,yorkshire_terrier,train,7,source
000415.png,yorkshire_terrier,train,7,source
000423.png,yorkshire_terrier,train,7,source
000429.png,yorkshire_terrier,train,7,source
000437.png,yorkshire_terrier,train,7,source
000439.png,yorkshire_terrier,train,7,source
000443.png,yorkshire_terrier,train,7,source
000451.png,yorkshire_terrier,train,7,source
000460.png,yorkshire_terrier,train,7,source
000464.png,yorkshire_terrier,train,7,source
000469.png,yorkshire_terrier,train,7,source
000478.png,yorkshire_terrier,train,7,source
000486.png,yorkshire_terrier,train,7,source
000505.png,yorkshire_terrier,train,7,source
000510.png,yorkshire_terrier,train,7,source
000516.png,yorkshire_terrier,train,7,source
000520.png,yorkshire_terrier,train,7,source
000541.png,yorkshire_terrier,train,7,source
000542.png,yorkshire_terrier,train,7,source
000543.png,yorkshire_terrier,train,7,source
000548.png,yorkshire_terrier,train,7,source
000554.png,yorkshire_terrier,train,7,source
000590.png,yorkshire_terrier,train,7,source
000597.png,yorkshire_terrier,train,7,source
000604.png,yorkshire_terrier,train,7,source
000624.png,yorkshire_terrier,train,7,source
000636.png,yorkshire_terrier,train,7,source
000643.png,yorkshire_terrier,train,7,source
000652.png,yorkshire_terrier,train,7,source
000657.png,yorkshire_terrier,train,7,source
000668.png,yorkshire_terrier,train,7,source
000677.png,yorkshire_terrier,train,7,source
000682.png,yorkshire_terrier,train,7,source
000687.png,yorkshire_terrier,train,7,source
000693.png,yorkshire_terrier,train,7,source
000700.png,yorkshire_terrier,train,7,source
000701.png,yorkshire_terrier,train,7,source
000703.png,yorkshire_terrier,train,7,source
000721.png,yorkshire_terrier,train,7,source
000748.png,yorkshire_terrier,train,7,source
000755.png,yorkshire_terrier,train,7,source
000783.png,yorkshire_terrier,train,7,source
000789.png,yorkshire_terrier,train,7,source
000790.png,yorkshire_terrier,train,7,source
000794.png,yorkshire_terrier,train,7,source
000820.png,yorkshire_terrier,train,7,source
000837.png,yorkshire_terrier,train,7,source
000861.png,yorkshire_terrier,train,7,source
000887.png,yorkshire_terrier,train,7,source
000895.png,yorkshire_terrier,train,7,source
000930.png,yorkshire_terrier,train,7,source
000932.png,yorkshire_terrier,train,7,source
000953.png,yorkshire_terrier,train,7,source
000958.png,yorkshire_terrier,train,7,source
000965.png,yorkshire_terrier,train,7,source
001000.png,yorkshire_terrier,train,7,source
001004.png,yorkshire_terrier,train,7,source
001014.png,yorkshire_terrier,train,7,source
001016.png,yorkshire_terrier,train,7,source
001021.png,yorkshire_terrier,train,7,source
001025.png,yorkshire_terrier,train,7,source
001048.png,yorkshire_terrier,train,7,source
001055.png,yorkshire_terrier,train,7,source
001058.png,yorkshire_terrier,train,7,source
001062.png,yorkshire_terrier,train,7,source
001067.png,yorkshire_terrier,train,7,source
001073.png,yorkshire_terrier,train,7,source
001095.png,yorkshire_terrier,train,7,source
001098.png,yorkshire_terrier,train,7,source
001101.png,yorkshire_terrier,train,7,source
001106.png,yorkshire_terrier,train,7,source
001133.png,yorkshire_terrier,train,7,source
001139.png,yorkshire_terrier,train,7,source
001147.png,yorkshire_terrier,train,7,source
001177.png,yorkshire_terrier,train,7,source
001179.png,yorkshire_terrier,train,7,source
001188.png,yorkshire_terrier,train,7,source
001194.png,yorkshire_terrier,train,7,source
001204.png,yorkshire_terrier,train,7,source
001210.png,yorkshire_terrier,train,7,source
001231.png,yorkshire_terrier,train,7,source
001248.png,yorkshire_terrier,train,7,source
001273.png,yorkshire_terrier,train,7,source
001274.png,yorkshire_terrier,train,7,source
001317.png,yorkshire_terrier,train,7,source
001334.png,yorkshire_terrier,train,7,source
001365.png,yorkshire_terrier,train,7,source
001372.png,yorkshire_terrier,train,7,source
001386.png,yorkshire_terrier,train,7,source
001391.png,yorkshire_terrier,train,7,source
001392.png,yorkshire_terrier,train,7,source
001396.png,yorkshire_terrier,train,7,source
001397.png,yorkshire_terrier,train,7,source
001413.png,yorkshire_terrier,train,7,source
001416.png,yorkshire_terrier,train,7,source
001421.png,yorkshire_terrier,train,7,source
001425.png,yorkshire_terrier,train,7,source
001434.png,yorkshire_terrier,train,7,source
001451.png,yorkshire_terrier,train,7,source
001453.png,yorkshire_terrier,train,7,source
001481.png,yorkshire_terrier,train,7,source
001492.png,yorkshire_terrier,train,7,source
001520.png,yorkshire_terrier,train,7,source
001542.png,yorkshire_terrier,train,7,source
001552.png,yorkshire_terrier,train,7,source
001555.png,yorkshire_terrier,train,7,source
001556.png,yorkshire_terrier,train,7,source
001559.png,yorkshire_terrier,train,7,source
001571.png,yorkshire_terrier,train,7,source
001573.png,yorkshire_terrier,train,7,source
001579.png,yorkshire_terrier,train,7,source
001591.png,yorkshire_terrier,train,7,source
001597.png,yorkshire_terrier,train,7,source
001602.png,yorkshire_terrier,train,7,source
001618.png,yorkshire_terrier,train,7,source
001621.png,yorkshire_terrier,train,7,source
001630.png,yorkshire_terrier,train,7,source
001631.png,yorkshire_terrier,train,7,source
001652.png,yorkshire_terrier,train,7,source
001665.png,yorkshire_terrier,train,7,source
001695.png,yorkshire_terrier,train,7,source
001696.png,yorkshire_terrier,train,7,source
001701.png,yorkshire_terrier,train,7,source
001721.png,yorkshire_terrier,train,7,source
001735.png,yorkshire_terrier,train,7,source
001759.png,yorkshire_terrier,train,7,source
001761.png,yorkshire_terrier,train,7,source
001763.png,yorkshire_terrier,train,7,source
001765.png,yorkshire_terrier,train,7,source
001771.png,yorkshire_terrier,train,7,source
001776.png,yorkshire_terrier,train,7,source
001784.png,yorkshire_terrier,train,7,source
001791.png,yorkshire_terrier,train,7,source
001798.png,yorkshire_terrier,train,7,source
001802.png,yorkshire_terrier,train,7,source
001809.png,yorkshire_terrier,train,7,source
001810.png,yorkshire_terrier,train,7,source
001811.png,yorkshire_terrier,train,7,source
001832.png,yorkshire_terrier,train,7,source
001835.png,yorkshire_terrier,train,7,source
001851.png,yorkshire_terrier,train,7,source
001869.png,yorkshire_terrier,train,7,source
001871.png,yorkshire_terrier,train,7,source
001878.png,yorkshire_terrier,train,7,source
001881.png,yorkshire_terrier,train,7,source
001885.png,yorkshire_terrier,train,7,source
001889.png,yorkshire_terrier,train,7,source
001899.png,yorkshire_terrier,train,7,source
001907.png,yorkshire_terrier,train,7,source
001910.png,yorkshire_terrier,train,7,source
001941.png,yorkshire_terrier,train,7,source
001944.png,yorkshire_terrier,train,7,source
001959.png,yorkshire_terrier,train,7,source
001963.png,yorkshire_terrier,train,7,source
001972.png,yorkshire_terrier,train,7,source
001973.png,yorkshire_terrier,train,7,source
002008.png,yorkshire_terrier,train,7,source
002020.png,yorkshire_terrier,train,7,source
002025.png,yorkshire_terrier,train,7,source
002059.png,yorkshire_terrier,train,7,source
002061.png,yorkshire_terrier,train,7,source
002068.png,yorkshire_terrier,train,7,source
002098.png,yorkshire_terrier,train,7,source
002100.png,yorkshire_terrier,train,7,source
002101.png,yorkshire_terrier,train,7,source
002113.png,yorkshire_terrier,train,7,source
002117.png,yorkshire_terrier,train,7,source
002121.png,yorkshire_terrier,train,7,source
002127.png,yorkshire_terrier,train,7,source
002138.png,yorkshire_terrier,train,7,source
002162.png,yorkshire_terrier,train,7,source
002173.png,yorkshire_terrier,train,7,source
002187.png,yorkshire_terrier,train,7,source
002213.png,yorkshire_terrier,train,7,source
002232.png,yorkshire_terrier,train,7,source
002282.png,yorkshire_terrier,train,7,source
002296.png,yorkshire_terrier,train,7,source
002300.png,yorkshire_terrier,train,7,source
002308.png,yorkshire_terrier,train,7,source
002309.png,yorkshire_terrier,train,7,source
002316.png,yorkshire_terrier,train,7,source
002319.png,yorkshire_terrier,train,7,source
002323.png,yorkshire_terrier,train,7,source
002324.png,yorkshire_terrier,train,7,source
002349.png,yorkshire_terrier,train,7,source
002361.png,yorkshire_terrier,train,7,source
002366.png,yorkshire_terrier,train,7,source
002374.png,yorkshire_terrier,train,7,source
002398.png,yorkshire_terrier,train,7,source
002413.png,yorkshire_terrier,train,7,source
002414.png,yorkshire_terrier,train,7,source
002423.png,yorkshire_terrier,train,7,source
002428.png,yorkshire_terrier,train,7,source
002436.png,yorkshire_terrier,train,7,source
002451.png,yorkshire_terrier,train,7,source
002469.png,yorkshire_terrier,train,7,source
002472.png,yorkshire_terrier,train,7,source
002493.png,yorkshire_terrier,train,7,source
002508.png,yorkshire_terrier,train,7,source
002526.png,yorkshire_terrier,train,7,source
002535.png,yorkshire_terrier,train,7,source
002541.png,yorkshire_terrier,train,7,source
002543.png,yorkshire_terrier,train,7,source
002546.png,yorkshire_terrier,train,7,source
002547.png,yorkshire_terrier,train,7,source
002549.png,yorkshire_terrier,train,7,source
002553.png,yorkshire_terrier,train,7,source
002563.png,yorkshire_terrier,train,7,source
002568.png,yorkshire_terrier,train,7,source
002569.png,yorkshire_terrier,train,7,source
002588.png,yorkshire_terrier,train,7,source
002601.png,yorkshire_terrier,train,7,source
002603.png,yorkshire_terrier,train,7,source
002610.png,yorkshire_terrier,train,7,source
002611.png,yorkshire_terrier,train,7,source
002615.png,yorkshire_terrier,train,7,source
002632.png,yorkshire_terrier,train,7,source
002639.png,yorkshire_terrier,train,7,source
002645.png,yorkshire_terrier,train,7,source
002647.png,yorkshire_terrier,train,7,source
002651.png,yorkshire_terrier,train,7,source
002666.png,yorkshire_terrier,train,7,source
002669.png,yorkshire_terrier,val,7,source
002705.png,yorkshire_terrier,val,7,source
002712.png,yorkshire_terrier,val,7,source
002715.png,yorkshire_terrier,val,7,source
002716.png,yorkshire_terrier,val,7,source
002718.png,yorkshire_terrier,val,7,source
002722.png,yorkshire_terrier,val,7,source
002725.png,yorkshire_terrier,val,7,source
002739.png,yorkshire_terrier,val,7,source
002760.png,yorkshire_terrier,val,7,source
002772.png,yorkshire_terrier,val,7,source
002788.png,yorkshire_terrier,val,7,source
002789.png,yorkshire_terrier,val,7,source
002799.png,yorkshire_terrier,val,7,source
002812.png,yorkshire_terrier,val,7,source
002816.png,yorkshire_terrier,val,7,source
002829.png,yorkshire_terrier,val,7,source
002831.png,yorkshire_terrier,val,7,source
002842.png,yorkshire_terrier,val,7,source
002848.png,yorkshire_terrier,val,7,source
002853.png,yorkshire_terrier,val,7,source
002881.png,yorkshire_terrier,val,7,source
002889.png,yorkshire_terrier,val,7,source
002898.png,yorkshire_terrier,val,7,source
002904.png,yorkshire_terrier,val,7,source
002908.png,yorkshire_terrier,val,7,source
002910.png,yorkshire_terrier,val,7,source
002912.png,yorkshire_terrier,val,7,source
002962.png,yorkshire_terrier,val,7,source
002970.png,yorkshire_terrier,val,7,source
002974.png,yorkshire_terrier,val,7,source
002988.png,yorkshire_terrier,val,7,source
002990.png,yorkshire_terrier,val,7,source
002992.png,yorkshire_terrier,val,7,source
003007.png,yorkshire_terrier,val,7,source
003009.png,yorkshire_terrier,val,7,source
003054.png,yorkshire_terrier,val,7,source
003073.png,yorkshire_terrier,val,7,source
003076.png,yorkshire_terrier,val,7,source
003078.png,yorkshire_terrier,val,7,source
003103.png,yorkshire_terrier,val,7,source
003111.png,yorkshire_terrier,val,7,source
003116.png,yorkshire_terrier,val,7,source
003121.png,yorkshire_terrier,val,7,source
003131.png,yorkshire_terrier,val,7,source
003132.png,yorkshire_terrier,val,7,source
003137.png,yorkshire_terrier,val,7,source
003140.png,yorkshire_terrier,val,7,source
003144.png,yorkshire_terrier,val,7,source
003148.png,yorkshire_terrier,val,7,source
003150.png,yorkshire_terrier,val,7,source
003173.png,yorkshire_terrier,val,7,source
003185.png,yorkshire_terrier,val,7,source
003189.png,yorkshire_terrier,val,7,source
003192.png,yorkshire_terrier,val,7,source
003199.png,yorkshire_terrier,val,7,source
003204.png,yorkshire_terrier,val,7,source
003205.png,yorkshire_terrier,val,7,source
003206.png,yorkshire_terrier,val,7,source
003227.png,yorkshire_terrier,val,7,source
003240.png,yorkshire_terrier,val,7,source
003241.png,yorkshire_terrier,val,7,source
003252.png,yorkshire_terrier,val,7,source
003257.png,yorkshire_terrier,val,7,source
003267.png,yorkshire_terrier,val,7,source
003271.png,yorkshire_terrier,val,7,source
003277.png,yorkshire_terrier,val,7,source
003282.png,yorkshire_terrier,val,7,source
003367.png,yorkshire_terrier,val,7,source
003378.png,yorkshire_terrier,val,7,source
003396.png,yorkshire_terrier,val,7,source
003424.png,yorkshire_terrier,val,7,source
003432.png,yorkshire_terrier,val,7,source
003433.png,yorkshire_terrier,val,7,source
003434.png,yorkshire_terrier,val,7,source
003455.png,yorkshire_terrier,val,7,source
003465.png,yorkshire_terrier,val,7,source
003475.png,yorkshire_terrier,val,7,source
003480.png,yorkshire_terrier,val,7,source
003506.png,yorkshire_terrier,val,7,source
003523.png,yorkshire_terrier,val,7,source
003525.png,yorkshire_terrier,val,7,source
003541.png,yorkshire_terrier,val,7,source
003545.png,yorkshire_terrier,val,7,source
003555.png,yorkshire_terrier,val,7,source
003557.png,yorkshire_terrier,val,7,source
003558.png,yorkshire_terrier,val,7,source
003559.png,yorkshire_terrier,val,7,source
003562.png,yorkshire_terrier,val,7,source
003564.png,yorkshire_terrier,val,7,source
003565.png,yorkshire_terrier,val,7,source
003627.png,yorkshire_terrier,val,7,source
003639.png,yorkshire_terrier,val,7,source
003641.png,yorkshire_terrier,val,7,source
003654.png,yorkshire_terrier,val,7,source
003657.png,yorkshire_terrier,val,7,source
003659.png,yorkshire_terrier,val,7,source
003677.png,yorkshire_terrier,val,7,source
003692.png,yorkshire_terrier,val,7,source
003697.png,yorkshire_terrier,val,7,source
003701.png,yorkshire_terrier,val,7,source
003702.png,yorkshire_terrier,val,7,source
003703.png,yorkshire_terrier,val,7,source
003707.png,yorkshire_terrier,val,7,source
003725.png,yorkshire_terrier,val,7,source
003728.png,yorkshire_terrier,val,7,source
003743.png,yorkshire_terrier,val,7,source
003752.png,yorkshire_terrier,val,7,source
003790.png,yorkshire_terrier,val,7,source
003799.png,yorkshire_terrier,val,7,source
003811.png,yorkshire_terrier,val,7,source
003815.png,yorkshire_terrier,val,7,source
003825.png,yorkshire_terrier,val,7,source
003828.png,yorkshire_terrier,val,7,source
003865.png,yorkshire_terrier,val,7,source
003867.png,yorkshire_terrier,val,7,source
003870.png,yorkshire_terrier,val,7,source
003874.png,yorkshire_terrier,val,7,source
003894.png,yorkshire_terrier,val,7,source
003896.png,yorkshire_terrier,val,7,source
003897.png,yorkshire_terrier,val,7,source
003915.png,yorkshire_terrier,val,7,source
003927.png,yorkshire_terrier,val,7,source
003931.png,yorkshire_terrier,val,7,source
003938.png,yorkshire_terrier,val,7,source
003943.png,yorkshire_terrier,val,7,source
003946.png,yorkshire_terrier,val,7,source
003955.png,yorkshire_terrier,val,7,source
003957.png,yorkshire_terrier,val,7,source
003974.png,yorkshire_terrier,val,7,source
003981.png,yorkshire_terrier,val,7,source
003984.png,yorkshire_terrier,val,7,source
004007.png,yorkshire_terrier,val,7,source
004014.png,yorkshire_terrier,val,7,source
004015.png,yorkshire_terrier,val,7,source
004018.png,yorkshire_terrier,val,7,source
004019.png,yorkshire_terrier,val,7,source
004030.png,yorkshire_terrier,val,7,source
004047.png,yorkshire_terrier,val,7,source
004049.png,yorkshire_terrier,val,7,source
004060.png,yorkshire_terrier,val,7,source
004083.png,yorkshire_terrier,val,7,source
004098.png,yorkshire_terrier,val,7,source
004110.png,yorkshire_terrier,val,7,source
004114.png,yorkshire_terrier,val,7,source
004115.png,yorkshire_terrier,val,7,source
004124.png,yorkshire_terrier,val,7,source
004127.png,yorkshire_terrier,val,7,source
004128.png,yorkshire_terrier,val,7,source
004133.png,yorkshire_terrier,val,7,source
004137.png,yorkshire_terrier,test,7,source
004145.png,yorkshire_terrier,test,7,source
004159.png,yorkshire_terrier,test,7,source
004162.png,yorkshire_terrier,test,7,source
004163.png,yorkshire_terrier,test,7,source
004170.png,yorkshire_terrier,test,7,source
004173.png,yorkshire_terrier,test,7,source
004176.png,yorkshire_terrier,test,7,source
004178.png,yorkshire_terrier,test,7,source
004186.png,yorkshire_terrier,test,7,source
004191.png,yorkshire_terrier,test,7,source
004193.png,yorkshire_terrier,test,7,source
004215.png,yorkshire_terrier,test,7,source
004222.png,yorkshire_terrier,test,7,source
004223.png,yorkshire_terrier,test,7,source
004225.png,yorkshire_terrier,test,7,source
004233.png,yorkshire_terrier,test,7,source
004263.png,yorkshire_terrier,test,7,source
004271.png,yorkshire_terrier,test,7,source
004275.png,yorkshire_terrier,test,7,source
004283.png,yorkshire_terrier,test,7,source
004292.png,yorkshire_terrier,test,7,source
004313.png,yorkshire_terrier,test,7,source
004324.png,yorkshire_terrier,test,7,source
004336.png,yorkshire_terrier,test,7,source
004340.png,yorkshire_terrier,test,7,source
004347.png,yorkshire_terrier,test,7,source
004364.png,yorkshire_terrier,test,7,source
004392.png,yorkshire_terrier,test,7,source
004397.png,yorkshire_terrier,test,7,source
004401.png,yorkshire_terrier,test,7,source
004403.png,yorkshire_terrier,test,7,source
004406.png,yorkshire_terrier,test,7,source
004435.png,yorkshire_terrier,test,7,source
004436.png,yorkshire_terrier,test,7,source
004441.png,yorkshire_terrier,test,7,source
004442.png,yorkshire_terrier,test,7,source
004463.png,yorkshire_terrier,test,7,source
004483.png,yorkshire_terrier,test,7,source
004496.png,yorkshire_terrier,test,7,source
004510.png,yorkshire_terrier,test,7,source
004526.png,yorkshire_terrier,test,7,source
004532.png,yorkshire_terrier,test,7,source
004535.png,yorkshire_terrier,test,7,source
004538.png,yorkshire_terrier,test,7,source
004541.png,yorkshire_terrier,test,7,source
004560.png,yorkshire_terrier,test,7,source
004565.png,yorkshire_terrier,test,7,source
004593.png,yorkshire_terrier,test,7,source
004596.png,yorkshire_terrier,test,7,source
004617.png,yorkshire_terrier,test,7,source
004622.png,yorkshire_terrier,test,7,source
004635.png,yorkshire_terrier,test,7,source
004637.png,yorkshire_terrier,test,7,source
004655.png,yorkshire_terrier,test,7,source
004660.png,yorkshire_terrier,test,7,source
004664.png,yorkshire_terrier,test,7,source
004678.png,yorkshire_terrier,test,7,source
004690.png,yorkshire_terrier,test,7,source
004698.png,yorkshire_terrier,test,7,source
004712.png,yorkshire_terrier,test,7,source
004715.png,yorkshire_terrier,test,7,source
004718.png,yorkshire_terrier,test,7,source
004720.png,yorkshire_terrier,test,7,source
004735.png,yorkshire_terrier,test,7,source
004759.png,yorkshire_terrier,test,7,source
004761.png,yorkshire_terrier,test,7,source
004783.png,yorkshire_terrier,test,7,source
004795.png,yorkshire_terrier,test,7,source
004798.png,yorkshire_terrier,test,7,source
004825.png,yorkshire_terrier,test,7,source
004833.png,yorkshire_terrier,test,7,source
004834.png,yorkshire_terrier,test,7,source
004838.png,yorkshire_terrier,test,7,source
004845.png,yorkshire_terrier,test,7,source
004862.png,yorkshire_terrier,test,7,source
004869.png,yorkshire_terrier,test,7,source
004876.png,yorkshire_terrier,test,7,source
004907.png,yorkshire_terrier,test,7,source
004908.png,yorkshire_terrier,test,7,source
004909.png,yorkshire_terrier,test,7,source
004918.png,yorkshire_terrier,test,7,source
004947.png,yorkshire_terrier,test,7,source
004949.png,yorkshire_terrier,test,7,source
004953.png,yorkshire_terrier,test,7,source
004964.png,yorkshire_terrier,test,7,source
004970.png,yorkshire_terrier,test,7,source
004977.png,yorkshire_terrier,test,7,source
004978.png,yorkshire_terrier,test,7,source
004982.png,yorkshire_terrier,test,7,source
004985.png,yorkshire_terrier,test,7,source
004990.png,yorkshire_terrier,test,7,source
005001.png,yorkshire_terrier,test,7,source
005004.png,yorkshire_terrier,test,7,source
005006.png,yorkshire_terrier,test,7,source
005024.png,yorkshire_terrier,test,7,source
005037.png,yorkshire_terrier,test,7,source
005054.png,yorkshire_terrier,test,7,source
005055.png,yorkshire_terrier,test,7,source
005063.png,yorkshire_terrier,test,7,source
005071.png,yorkshire_terrier,test,7,source
005080.png,yorkshire_terrier,test,7,source
005094.png,yorkshire_terrier,test,7,source
005121.png,yorkshire_terrier,test,7,source
005129.png,yorkshire_terrier,test,7,source
005142.png,yorkshire_terrier,test,7,source
005162.png,yorkshire_terrier,test,7,source
005167.png,yorkshire_terrier,test,7,source
005185.png,yorkshire_terrier,test,7,source
005200.png,yorkshire_terrier,test,7,source
005213.png,yorkshire_terrier,test,7,source
005218.png,yorkshire_terrier,test,7,source
005240.png,yorkshire_terrier,test,7,source
005261.png,yorkshire_terrier,test,7,source
005266.png,yorkshire_terrier,test,7,source
005291.png,yorkshire_terrier,test,7,source
005314.png,yorkshire_terrier,test,7,source
005315.png,yorkshire_terrier,test,7,source
005316.png,yorkshire_terrier,test,7,source
005319.png,yorkshire_terrier,test,7,source
005330.png,yorkshire_terrier,test,7,source
005333.png,yorkshire_terrier,test,7,source
005361.png,yorkshire_terrier,test,7,source
005365.png,yorkshire_terrier,test,7,source
005377.png,yorkshire_terrier,test,7,source
005397.png,yorkshire_terrier,test,7,source
005414.png,yorkshire_terrier,test,7,source
005426.png,yorkshire_terrier,test,7,source
005437.png,yorkshire_terrier,test,7,source
005445.png,yorkshire_terrier,test,7,source
005450.png,yorkshire_terrier,test,7,source
005459.png,yorkshire_terrier,test,7,source
005463.png,yorkshire_terrier,test,7,source
005496.png,yorkshire_terrier,test,7,source
005497.png,yorkshire_terrier,test,7,source
005499.png,yorkshire_terrier,test,7,source
005510.png,yorkshire_terrier,test,7,source
005518.png,yorkshire_terrier,test,7,source
005521.png,yorkshire_terrier,test,7,source
005525.png,yorkshire_terrier,test,7,source
005543.png,yorkshire_terrier,test,7,source
005545.png,yorkshire_terrier,test,7,source
005547.png,yorkshire_terrier,test,7,source
005561.png,yorkshire_terrier,test,7,source
005574.png,yorkshire_terrier,test,7,source
005582.png,yorkshire_terrier,test,7,source
005614.png,yorkshire_terrier,test,7,source
005627.png,yorkshire_terrier,test,7,source
005631.png,yorkshire_terrier,test,7,source
005650.png,yorkshire_terrier,test,7,source
005655.png,yorkshire_terrier,yorkshire_terrier,7,source
005656.png,yorkshire_terrier,yorkshire_terrier,7,source
005658.png,yorkshire_terrier,yorkshire_terrier,7,source
005664.png,yorkshire_terrier,yorkshire_terrier,7,source
005665.png,yorkshire_terrier,yorkshire_terrier,7,source
005677.png,yorkshire_terrier,yorkshire_terrier,7,source
005682.png,yorkshire_terrier,yorkshire_terrier,7,source
005692.png,yorkshire_terrier,yorkshire_terrier,7,source
005700.png,yorkshire_terrier,yorkshire_terrier,7,source
005702.png,yorkshire_terrier,yorkshire_terrier,7,source
005727.png,yorkshire_terrier,yorkshire_terrier,7,source
005746.png,yorkshire_terrier,yorkshire_terrier,7,source
005750.png,yorkshire_terrier,yorkshire_terrier,7,source
005753.png,yorkshire_terrier,yorkshire_terrier,7,source
005757.png,yorkshire_terrier,yorkshire_terrier,7,source
005763.png,yorkshire_terrier,yorkshire_terrier,7,source
005768.png,yorkshire_terrier,yorkshire_terrier,7,source
005777.png,yorkshire_terrier,yorkshire_terrier,7,source
005782.png,yorkshire_terrier,yorkshire_terrier,7,source
005787.png,yorkshire_terrier,yorkshire_terrier,7,source
005791.png,yorkshire_terrier,yorkshire_terrier,7,source
005819.png,yorkshire_terrier,yorkshire_terrier,7,source
005833.png,yorkshire_terrier,yorkshire_terrier,7,source
005836.png,yorkshire_terrier,yorkshire_terrier,7,source
005845.png,yorkshire_terrier,yorkshire_terrier,7,source
005854.png,yorkshire_terrier,yorkshire_terrier,7,source
005855.png,yorkshire_terrier,yorkshire_terrier,7,source
005861.png,yorkshire_terrier,yorkshire_terrier,7,source
005869.png,yorkshire_terrier,yorkshire_terrier,7,source
005884.png,yorkshire_terrier,yorkshire_terrier,7,source
005890.png,yorkshire_terrier,yorkshire_terrier,7,source
005894.png,yorkshire_terrier,yorkshire_terrier,7,source
005901.png,yorkshire_terrier,yorkshire_terrier,7,source
005917.png,yorkshire_terrier,yorkshire_terrier,7,source
005929.png,yorkshire_terrier,yorkshire_terrier,7,source
005936.png,yorkshire_terrier,yorkshire_terrier,7,source
005938.png,yorkshire_terrier,yorkshire_terrier,7,source
005950.png,yorkshire_terrier,yorkshire_terrier,7,source
005973.png,yorkshire_terrier,yorkshire_terrier,7,source
005984.png,yorkshire_terrier,yorkshire_terrier,7,source
005989.png,yorkshire_terrier,yorkshire_terrier,7,source
006012.png,yorkshire_terrier,yorkshire_terrier,7,source
006040.png,yorkshire_terrier,yorkshire_terrier,7,source
006055.png,yorkshire_terrier,yorkshire_terrier,7,source
006056.png,yorkshire_terrier,yorkshire_terrier,7,source
006074.png,yorkshire_terrier,yorkshire_terrier,7,source
006075.png,yorkshire_terrier,yorkshire_terrier,7,source
006085.png,yorkshire_terrier,yorkshire_terrier,7,source
006100.png,yorkshire_terrier,yorkshire_terrier,7,source
006102.png,yorkshire_terrier,yorkshire_terrier,7,source
006113.png,yorkshire_terrier,yorkshire_terrier,7,source
006128.png,yorkshire_terrier,yorkshire_terrier,7,source
006132.png,yorkshire_terrier,yorkshire_terrier,7,source
006138.png,yorkshire_terrier,yorkshire_terrier,7,source
006148.png,yorkshire_terrier,yorkshire_terrier,7,source
006162.png,yorkshire_terrier,yorkshire_terrier,7,source
006173.png,yorkshire_terrier,yorkshire_terrier,7,source
006187.png,yorkshire_terrier,yorkshire_terrier,7,source
006188.png,yorkshire_terrier,yorkshire_terrier,7,source
006194.png,yorkshire_terrier,yorkshire_terrier,7,source
006197.png,yorkshire_terrier,yorkshire_terrier,7,source
006199.png,yorkshire_terrier,yorkshire_terrier,7,source
006204.png,yorkshire_terrier,yorkshire_terrier,7,source
006208.png,yorkshire_terrier,yorkshire_terrier,7,source
006211.png,yorkshire_terrier,yorkshire_terrier,7,source
006240.png,yorkshire_terrier,yorkshire_terrier,7,source
006242.png,yorkshire_terrier,yorkshire_terrier,7,source
006254.png,yorkshire_terrier,yorkshire_terrier,7,source
006259.png,yorkshire_terrier,yorkshire_terrier,7,source
006265.png,yorkshire_terrier,yorkshire_terrier,7,source
006270.png,yorkshire_terrier,yorkshire_terrier,7,source
006303.png,yorkshire_terrier,yorkshire_terrier,7,source
006310.png,yorkshire_terrier,yorkshire_terrier,7,source
006321.png,yorkshire_terrier,yorkshire_terrier,7,source
006341.png,yorkshire_terrier,yorkshire_terrier,7,source
006357.png,yorkshire_terrier,yorkshire_terrier,7,source
006392.png,yorkshire_terrier,yorkshire_terrier,7,source
006394.png,yorkshire_terrier,yorkshire_terrier,7,source
006428.png,yorkshire_terrier,yorkshire_terrier,7,source
006441.png,yorkshire_terrier,yorkshire_terrier,7,source
006452.png,yorkshire_terrier,yorkshire_terrier,7,source
006464.png,yorkshire_terrier,yorkshire_terrier,7,source
006468.png,yorkshire_terrier,yorkshire_terrier,7,source
006469.png,yorkshire_terrier,yorkshire_terrier,7,source
006473.png,yorkshire_terrier,yorkshire_terrier,7,source
006483.png,yorkshire_terrier,yorkshire_terrier,7,source
006485.png,yorkshire_terrier,yorkshire_terrier,7,source
006494.png,yorkshire_terrier,yorkshire_terrier,7,source
006498.png,yorkshire_terrier,yorkshire_terrier,7,source
006509.png,yorkshire_terrier,yorkshire_terrier,7,source
006513.png,yorkshire_terrier,yorkshire_terrier,7,source
006523.png,yorkshire_terrier,yorkshire_terrier,7,source
006529.png,yorkshire_terrier,yorkshire_terrier,7,source
006534.png,yorkshire_terrier,yorkshire_terrier,7,source
006535.png,yorkshire_terrier,yorkshire_terrier,7,source
006553.png,yorkshire_terrier,yorkshire_terrier,7,source
006554.png,yorkshire_terrier,yorkshire_terrier,7,source
006574.png,yorkshire_terrier,yorkshire_terrier,7,source
006579.png,yorkshire_terrier,yorkshire_terrier,7,source
006584.png,yorkshire_terrier,yorkshire_terrier,7,source
006585.png,yorkshire_terrier,yorkshire_terrier,7,source
006589.png,yorkshire_terrier,yorkshire_terrier,7,source
006592.png,yorkshire_terrier,yorkshire_terrier,7,source
006601.png,yorkshire_terrier,yorkshire_terrier,7,source
006605.png,yorkshire_terrier,yorkshire_terrier,7,source
006608.png,yorkshire_terrier,yorkshire_terrier,7,source
006609.png,yorkshire_terrier,yorkshire_terrier,7,source
006612.png,yorkshire_terrier,yorkshire_terrier,7,source
006616.png,yorkshire_terrier,yorkshire_terrier,7,source
006618.png,yorkshire_terrier,yorkshire_terrier,7,source
006629.png,yorkshire_terrier,yorkshire_terrier,7,source
006632.png,yorkshire_terrier,yorkshire_terrier,7,source
006656.png,yorkshire_terrier,yorkshire_terrier,7,source
006658.png,yorkshire_terrier,yorkshire_terrier,7,source
006668.png,yorkshire_terrier,yorkshire_terrier,7,source
006670.png,yorkshire_terrier,yorkshire_terrier,7,source
006678.png,yorkshire_terrier,yorkshire_terrier,7,source
006685.png,yorkshire_terrier,yorkshire_terrier,7,source
006693.png,yorkshire_terrier,yorkshire_terrier,7,source
006701.png,yorkshire_terrier,yorkshire_terrier,7,source
006705.png,yorkshire_terrier,yorkshire_terrier,7,source
006713.png,yorkshire_terrier,yorkshire_terrier,7,source
006738.png,yorkshire_terrier,yorkshire_terrier,7,source
006743.png,yorkshire_terrier,yorkshire_terrier,7,source
006750.png,yorkshire_terrier,yorkshire_terrier,7,source
006777.png,yorkshire_terrier,yorkshire_terrier,7,source
006781.png,yorkshire_terrier,yorkshire_terrier,7,source
006794.png,yorkshire_terrier,yorkshire_terrier,7,source
006823.png,yorkshire_terrier,yorkshire_terrier,7,source
006829.png,yorkshire_terrier,yorkshire_terrier,7,source
006831.png,yorkshire_terrier,yorkshire_terrier,7,source
006839.png,yorkshire_terrier,yorkshire_terrier,7,source
006849.png,yorkshire_terrier,yorkshire_terrier,7,source
006870.png,yorkshire_terrier,yorkshire_terrier,7,source
006879.png,yorkshire_terrier,yorkshire_terrier,7,source
006907.png,yorkshire_terrier,yorkshire_terrier,7,source
006920.png,yorkshire_terrier,yorkshire_terrier,7,source
006933.png,yorkshire_terrier,yorkshire_terrier,7,source
006937.png,yorkshire_terrier,yorkshire_terrier,7,source
006953.png,yorkshire_terrier,yorkshire_terrier,7,source
006954.png,yorkshire_terrier,yorkshire_terrier,7,source
006956.png,yorkshire_terrier,yorkshire_terrier,7,source
006966.png,yorkshire_terrier,yorkshire_terrier,7,source
006977.png,yorkshire_terrier,yorkshire_terrier,7,source
006978.png,yorkshire_terrier,yorkshire_terrier,7,source
006982.png,yorkshire_terrier,yorkshire_terrier,7,source
007005.png,yorkshire_terrier,yorkshire_terrier,7,source
007045.png,yorkshire_terrier,yorkshire_terrier,7,source
007063.png,yorkshire_terrier,yorkshire_terrier,7,source
007076.png,yorkshire_terrier,yorkshire_terrier,7,source
007092.png,yorkshire_terrier,yorkshire_terrier,7,source
007120.png,yorkshire_terrier,yorkshire_terrier,7,source
007121.png,yorkshire_terrier,yorkshire_terrier,7,source
007139.png,yorkshire_terrier,yorkshire_terrier,7,source
007153.png,yorkshire_terrier,yorkshire_terrier,7,source
007158.png,yorkshire_terrier,yorkshire_terrier,7,source
007162.png,yorkshire_terrier,yorkshire_terrier,7,source
007163.png,yorkshire_terrier,yorkshire_terrier,7,source
007165.png,yorkshire_terrier,yorkshire_terrier,7,source
007176.png,yorkshire_terrier,yorkshire_terrier,7,source
007178.png,yorkshire_terrier,yorkshire_terrier,7,source
007179.png,yorkshire_terrier,yorkshire_terrier,7,source
007181.png,yorkshire_terrier,yorkshire_terrier,7,source
007182.png,yorkshire_terrier,yorkshire_terrier,7,source
007187.png,yorkshire_terrier,yorkshire_terrier,7,source
007211.png,yorkshire_terrier,yorkshire_terrier,7,source
007214.png,yorkshire_terrier,yorkshire_terrier,7,source
007218.png,yorkshire_terrier,yorkshire_terrier,7,source
007226.png,yorkshire_terrier,yorkshire_terrier,7,source
007240.png,yorkshire_terrier,yorkshire_terrier,7,source
007264.png,yorkshire_terrier,yorkshire_terrier,7,source
007271.png,yorkshire_terrier,yorkshire_terrier,7,source
007290.png,yorkshire_terrier,yorkshire_terrier,7,source
007295.png,yorkshire_terrier,yorkshire_terrier,7,source
007309.png,yorkshire_terrier,yorkshire_terrier,7,source
007317.png,yorkshire_terrier,yorkshire_terrier,7,source
007327.png,yorkshire_terrier,yorkshire_terrier,7,source
007331.png,yorkshire_terrier,yorkshire_terrier,7,source
007338.png,yorkshire_terrier,yorkshire_terrier,7,source
007340.png,yorkshire_terrier,yorkshire_terrier,7,source
007352.png,yorkshire_terrier,yorkshire_terrier,7,source
007357.png,yorkshire_terrier,yorkshire_terrier,7,source
007364.png,yorkshire_terrier,yorkshire_terrier,7,source
007378.png,yorkshire_terrier,yorkshire_terrier,7,source
007387.png,yorkshire_terrier,yorkshire_terrier,7,source
007388.png,yorkshire_terrier,yorkshire_terrier,7,source
007395.png,yorkshire_terrier,yorkshire_terrier,7,source
007400.png,yorkshire_terrier,yorkshire_terrier,7,source
007426.png,yorkshire_terrier,yorkshire_terrier,7,source
007427.png,yorkshire_terrier,yorkshire_terrier,7,source
007431.png,yorkshire_terrier,yorkshire_terrier,7,source
007433.png,yorkshire_terrier,yorkshire_terrier,7,source
007436.png,yorkshire_terrier,yorkshire_terrier,7,source
007456.png,yorkshire_terrier,yorkshire_terrier,7,source
007458.png,yorkshire_terrier,yorkshire_terrier,7,source
007463.png,yorkshire_terrier,yorkshire_terrier,7,source
007487.png,yorkshire_terrier,yorkshire_terrier,7,source
007522.png,yorkshire_terrier,yorkshire_terrier,7,source
007524.png,yorkshire_terrier,yorkshire_terrier,7,source
007525.png,yorkshire_terrier,yorkshire_terrier,7,source
007527.png,yorkshire_terrier,yorkshire_terrier,7,source
007533.png,yorkshire_terrier,yorkshire_terrier,7,source
007537.png,yorkshire_terrier,yorkshire_terrier,7,source
007538.png,yorkshire_terrier,yorkshire_terrier,7,source
007541.png,yorkshire_terrier,yorkshire_terrier,7,source
007556.png,yorkshire_terrier,yorkshire_terrier,7,source
007565.png,yorkshire_terrier,yorkshire_terrier,7,source
007570.png,yorkshire_terrier,yorkshire_terrier,7,source
007571.png,yorkshire_terrier,yorkshire_terrier,7,source
007572.png,yorkshire_terrier,yorkshire_terrier,7,source
007593.png,yorkshire_terrier,yorkshire_terrier,7,source
007639.png,yorkshire_terrier,yorkshire_terrier,7,source
007646.png,yorkshire_terrier,yorkshire_terrier,7,source
007647.png,yorkshire_terrier,yorkshire_terrier,7,source
007655.png,yorkshire_terrier,yorkshire_terrier,7,source
007664.png,yorkshire_terrier,yorkshire_terrier,7,source
007683.png,yorkshire_terrier,yorkshire_terrier,7,source
007685.png,yorkshire_terrier,yorkshire_terrier,7,source
007709.png,yorkshire_terrier,yorkshire_terrier,7,source
007715.png,yorkshire_terrier,yorkshire_terrier,7,source
007718.png,yorkshire_terrier,yorkshire_terrier,7,source
007731.png,yorkshire_terrier,yorkshire_terrier,7,source
007753.png,yorkshire_terrier,yorkshire_terrier,7,source
007757.png,yorkshire_terrier,yorkshire_terrier,7,source
007759.png,yorkshire_terrier,yorkshire_terrier,7,source
007760.png,yorkshire_terrier,yorkshire_terrier,7,source
007762.png,yorkshire_terrier,yorkshire_terrier,7,source
007764.png,yorkshire_terrier,yorkshire_terrier,7,source
007767.png,yorkshire_terrier,yorkshire_terrier,7,source
007795.png,yorkshire_terrier,yorkshire_terrier,7,source
007798.png,yorkshire_terrier,yorkshire_terrier,7,source
007808.png,yorkshire_terrier,yorkshire_terrier,7,source
007827.png,yorkshire_terrier,yorkshire_terrier,7,source
007836.png,yorkshire_terrier,yorkshire_terrier,7,source
007842.png,yorkshire_terrier,yorkshire_terrier,7,source
007843.png,yorkshire_terrier,yorkshire_terrier,7,source
007855.png,yorkshire_terrier,yorkshire_terrier,7,source
007859.png,yorkshire_terrier,yorkshire_terrier,7,source
007860.png,yorkshire_terrier,yorkshire_terrier,7,source
007910.png,yorkshire_terrier,yorkshire_terrier,7,source
007920.png,yorkshire_terrier,yorkshire_terrier,7,source
007928.png,yorkshire_terrier,yorkshire_terrier,7,source
007931.png,yorkshire_terrier,yorkshire_terrier,7,source
007938.png,yorkshire_terrier,yorkshire_terrier,7,source
007944.png,yorkshire_terrier,yorkshire_terrier,7,source
007946.png,yorkshire_terrier,yorkshire_terrier,7,source
007969.png,yorkshire_terrier,yorkshire_terrier,7,source
007985.png,yorkshire_terrier,yorkshire_terrier,7,source
007986.png,yorkshire_terrier,yorkshire_terrier,7,source
007988.png,yorkshire_terrier,yorkshire_terrier,7,source
007996.png,yorkshire_terrier,yorkshire_terrier,7,source
008008.png,yorkshire_terrier,yorkshire_terrier,7,source
008038.png,yorkshire_terrier,yorkshire_terrier,7,source
008045.png,yorkshire_terrier,yorkshire_terrier,7,source
008047.png,yorkshire_terrier,yorkshire_terrier,7,source
008059.png,yorkshire_terrier,yorkshire_terrier,7,source
008079.png,yorkshire_terrier,yorkshire_terrier,7,source
008093.png,yorkshire_terrier,yorkshire_terrier,7,source
008099.png,yorkshire_terrier,yorkshire_terrier,7,source
008101.png,yorkshire_terrier,yorkshire_terrier,7,source
008102.png,yorkshire_terrier,yorkshire_terrier,7,source
008118.png,yorkshire_terrier,yorkshire_terrier,7,source
008123.png,yorkshire_terrier,yorkshire_terrier,7,source
008125.png,yorkshire_terrier,yorkshire_terrier,7,source
008127.png,yorkshire_terrier,yorkshire_terrier,7,source
008152.png,yorkshire_terrier,yorkshire_terrier,7,source
008166.png,yorkshire_terrier,yorkshire_terrier,7,source
008169.png,yorkshire_terrier,yorkshire_terrier,7,source
008170.png,yorkshire_terrier,yorkshire_terrier,7,source
008172.png,yorkshire_terrier,yorkshire_terrier,7,source
008183.png,yorkshire_terrier,yorkshire_terrier,7,source
008184.png,yorkshire_terrier,yorkshire_terrier,7,source
008207.png,yorkshire_terrier,yorkshire_terrier,7,source
008215.png,yorkshire_terrier,yorkshire_terrier,7,source
008217.png,yorkshire_terrier,yorkshire_terrier,7,source
008218.png,yorkshire_terrier,yorkshire_terrier,7,source
008230.png,yorkshire_terrier,yorkshire_terrier,7,source
008239.png,yorkshire_terrier,yorkshire_terrier,7,source
008244.png,yorkshire_terrier,yorkshire_terrier,7,source
008255.png,yorkshire_terrier,yorkshire_terrier,7,source
008256.png,yorkshire_terrier,yorkshire_terrier,7,source
008292.png,yorkshire_terrier,yorkshire_terrier,7,source
008296.png,yorkshire_terrier,yorkshire_terrier,7,source
008304.png,yorkshire_terrier,yorkshire_terrier,7,source
008326.png,yorkshire_terrier,yorkshire_terrier,7,source
008337.png,yorkshire_terrier,yorkshire_terrier,7,source
008339.png,yorkshire_terrier,yorkshire_terrier,7,source
008341.png,yorkshire_terrier,yorkshire_terrier,7,source
008342.png,yorkshire_terrier,yorkshire_terrier,7,source
008351.png,yorkshire_terrier,yorkshire_terrier,7,source
008358.png,yorkshire_terrier,yorkshire_terrier,7,source
008369.png,yorkshire_terrier,yorkshire_terrier,7,source
008389.png,yorkshire_terrier,yorkshire_terrier,7,source
008394.png,yorkshire_terrier,yorkshire_terrier,7,source
008415.png,yorkshire_terrier,yorkshire_terrier,7,source
008423.png,yorkshire_terrier,yorkshire_terrier,7,source
008437.png,yorkshire_terrier,yorkshire_terrier,7,source
008439.png,yorkshire_terrier,yorkshire_terrier,7,source
008453.png,yorkshire_terrier,yorkshire_terrier,7,source
008460.png,yorkshire_terrier,yorkshire_terrier,7,source
008463.png,yorkshire_terrier,yorkshire_terrier,7,source
008467.png,yorkshire_terrier,yorkshire_terrier,7,source
008470.png,yorkshire_terrier,yorkshire_terrier,7,source
008492.png,yorkshire_terrier,yorkshire_terrier,7,source
008501.png,yorkshire_terrier,yorkshire_terrier,7,source
008511.png,yorkshire_terrier,yorkshire_terrier,7,source
008516.png,yorkshire_terrier,yorkshire_terrier,7,source
008532.png,yorkshire_terrier,yorkshire_terrier,7,source
008546.png,yorkshire_terrier,yorkshire_terrier,7,source
008567.png,yorkshire_terrier,yorkshire_terrier,7,source
008569.png,yorkshire_terrier,yorkshire_terrier,7,source
008570.png,yorkshire_terrier,yorkshire_terrier,7,source
008572.png,yorkshire_terrier,yorkshire_terrier,7,source
008575.png,yorkshire_terrier,yorkshire_terrier,7,source
008576.png,yorkshire_terrier,yorkshire_terrier,7,source
008589.png,yorkshire_terrier,yorkshire_terrier,7,source
008599.png,yorkshire_terrier,yorkshire_terrier,7,source
008605.png,yorkshire_terrier,yorkshire_terrier,7,source
008609.png,yorkshire_terrier,yorkshire_terrier,7,source
008613.png,yorkshire_terrier,yorkshire_terrier,7,source
008637.png,yorkshire_terrier,yorkshire_terrier,7,source
008654.png,yorkshire_terrier,yorkshire_terrier,7,source
008677.png,yorkshire_terrier,yorkshire_terrier,7,source
008700.png,yorkshire_terrier,yorkshire_terrier,7,source
008714.png,yorkshire_terrier,yorkshire_terrier,7,source
008735.png,yorkshire_terrier,yorkshire_terrier,7,source
008737.png,yorkshire_terrier,yorkshire_terrier,7,source
008770.png,yorkshire_terrier,yorkshire_terrier,7,source
008774.png,yorkshire_terrier,yorkshire_terrier,7,source
008780.png,yorkshire_terrier,yorkshire_terrier,7,source
008792.png,yorkshire_terrier,yorkshire_terrier,7,source
008840.png,yorkshire_terrier,yorkshire_terrier,7,source
008849.png,yorkshire_terrier,yorkshire_terrier,7,source
008855.png,yorkshire_terrier,yorkshire_terrier,7,source
008860.png,yorkshire_terrier,yorkshire_terrier,7,source
008862.png,yorkshire_terrier,yorkshire_terrier,7,source
008884.png,yorkshire_terrier,yorkshire_terrier,7,source
008885.png,yorkshire_terrier,yorkshire_terrier,7,source
008896.png,yorkshire_terrier,yorkshire_terrier,7,source
008907.png,yorkshire_terrier,yorkshire_terrier,7,source
008913.png,yorkshire_terrier,yorkshire_terrier,7,source
008961.png,yorkshire_terrier,yorkshire_terrier,7,source
008963.png,yorkshire_terrier,yorkshire_terrier,7,source
008966.png,yorkshire_terrier,yorkshire_terrier,7,source
008977.png,yorkshire_terrier,yorkshire_terrier,7,source
008994.png,yorkshire_terrier,yorkshire_terrier,7,source
009004.png,yorkshire_terrier,yorkshire_terrier,7,source
009016.png,yorkshire_terrier,yorkshire_terrier,7,source
009018.png,yorkshire_terrier,yorkshire_terrier,7,source
009022.png,yorkshire_terrier,yorkshire_terrier,7,source
009025.png,yorkshire_terrier,yorkshire_terrier,7,source
009058.png,yorkshire_terrier,yorkshire_terrier,7,source
009059.png,yorkshire_terrier,yorkshire_terrier,7,source
009062.png,yorkshire_terrier,yorkshire_terrier,7,source
009070.png,yorkshire_terrier,yorkshire_terrier,7,source
009076.png,yorkshire_terrier,yorkshire_terrier,7,source
009080.png,yorkshire_terrier,yorkshire_terrier,7,source
009107.png,yorkshire_terrier,yorkshire_terrier,7,source
009115.png,yorkshire_terrier,yorkshire_terrier,7,source
009118.png,yorkshire_terrier,yorkshire_terrier,7,source
009130.png,yorkshire_terrier,yorkshire_terrier,7,source
009135.png,yorkshire_terrier,yorkshire_terrier,7,source
009155.png,yorkshire_terrier,yorkshire_terrier,7,source
009162.png,yorkshire_terrier,yorkshire_terrier,7,source
009172.png,yorkshire_terrier,yorkshire_terrier,7,source
009175.png,yorkshire_terrier,yorkshire_terrier,7,source
009176.png,yorkshire_terrier,yorkshire_terrier,7,source
009185.png,yorkshire_terrier,yorkshire_terrier,7,source
009191.png,yorkshire_terrier,yorkshire_terrier,7,source
009196.png,yorkshire_terrier,yorkshire_terrier,7,source
009209.png,yorkshire_terrier,yorkshire_terrier,7,source
009227.png,yorkshire_terrier,yorkshire_terrier,7,source
009244.png,yorkshire_terrier,yorkshire_terrier,7,source
009264.png,yorkshire_terrier,yorkshire_terrier,7,source
009278.png,yorkshire_terrier,yorkshire_terrier,7,source
009280.png,yorkshire_terrier,yorkshire_terrier,7,source
009282.png,yorkshire_terrier,yorkshire_terrier,7,source
009288.png,yorkshire_terrier,yorkshire_terrier,7,source
009296.png,yorkshire_terrier,yorkshire_terrier,7,source
009307.png,yorkshire_terrier,yorkshire_terrier,7,source
009309.png,yorkshire_terrier,yorkshire_terrier,7,source
009325.png,yorkshire_terrier,yorkshire_terrier,7,source
009328.png,yorkshire_terrier,yorkshire_terrier,7,source
009344.png,yorkshire_terrier,yorkshire_terrier,7,source
009384.png,yorkshire_terrier,yorkshire_terrier,7,source
009401.png,yorkshire_terrier,yorkshire_terrier,7,source
009424.png,yorkshire_terrier,yorkshire_terrier,7,source
009429.png,yorkshire_terrier,yorkshire_terrier,7,source
009434.png,yorkshire_terrier,yorkshire_terrier,7,source
009435.png,yorkshire_terrier,yorkshire_terrier,7,source
009437.png,yorkshire_terrier,yorkshire_terrier,7,source
009454.png,yorkshire_terrier,yorkshire_terrier,7,source
009461.png,yorkshire_terrier,yorkshire_terrier,7,source
009466.png,yorkshire_terrier,yorkshire_terrier,7,source
009484.png,yorkshire_terrier,yorkshire_terrier,7,source
009495.png,yorkshire_terrier,yorkshire_terrier,7,source
009496.png,yorkshire_terrier,yorkshire_terrier,7,source
009506.png,yorkshire_terrier,yorkshire_terrier,7,source
009509.png,yorkshire_terrier,yorkshire_terrier,7,source
009516.png,yorkshire_terrier,yorkshire_terrier,7,source
009517.png,yorkshire_terrier,yorkshire_terrier,7,source
009524.png,yorkshire_terrier,yorkshire_terrier,7,source
009528.png,yorkshire_terrier,yorkshire_terrier,7,source
009537.png,yorkshire_terrier,yorkshire_terrier,7,source
009541.png,yorkshire_terrier,yorkshire_terrier,7,source
009547.png,yorkshire_terrier,yorkshire_terrier,7,source
009550.png,yorkshire_terrier,yorkshire_terrier,7,source
009554.png,yorkshire_terrier,yorkshire_terrier,7,source
009567.png,yorkshire_terrier,yorkshire_terrier,7,source
009603.png,yorkshire_terrier,yorkshire_terrier,7,source
009612.png,yorkshire_terrier,yorkshire_terrier,7,source
009617.png,yorkshire_terrier,yorkshire_terrier,7,source
009621.png,yorkshire_terrier,yorkshire_terrier,7,source
009624.png,yorkshire_terrier,yorkshire_terrier,7,source
009632.png,yorkshire_terrier,yorkshire_terrier,7,source
009635.png,yorkshire_terrier,yorkshire_terrier,7,source
009643.png,yorkshire_terrier,yorkshire_terrier,7,source
009644.png,yorkshire_terrier,yorkshire_terrier,7,source
009654.png,yorkshire_terrier,yorkshire_terrier,7,source
009660.png,yorkshire_terrier,yorkshire_terrier,7,source
009664.png,yorkshire_terrier,yorkshire_terrier,7,source
009688.png,yorkshire_terrier,yorkshire_terrier,7,source
009698.png,yorkshire_terrier,yorkshire_terrier,7,source
009702.png,yorkshire_terrier,yorkshire_terrier,7,source
009722.png,yorkshire_terrier,yorkshire_terrier,7,source
009728.png,yorkshire_terrier,yorkshire_terrier,7,source
009732.png,yorkshire_terrier,yorkshire_terrier,7,source
009748.png,yorkshire_terrier,yorkshire_terrier,7,source
009751.png,yorkshire_terrier,yorkshire_terrier,7,source
009760.png,yorkshire_terrier,yorkshire_terrier,7,source
009776.png,yorkshire_terrier,yorkshire_terrier,7,source
009779.png,yorkshire_terrier,yorkshire_terrier,7,source
009782.png,yorkshire_terrier,yorkshire_terrier,7,source
009784.png,yorkshire_terrier,yorkshire_terrier,7,source
009796.png,yorkshire_terrier,yorkshire_terrier,7,source
009799.png,yorkshire_terrier,yorkshire_terrier,7,source
009806.png,yorkshire_terrier,yorkshire_terrier,7,source
009809.png,yorkshire_terrier,yorkshire_terrier,7,source
009815.png,yorkshire_terrier,yorkshire_terrier,7,source
009817.png,yorkshire_terrier,yorkshire_terrier,7,source
009818.png,yorkshire_terrier,yorkshire_terrier,7,source
009835.png,yorkshire_terrier,yorkshire_terrier,7,source
009845.png,yorkshire_terrier,yorkshire_terrier,7,source
009859.png,yorkshire_terrier,yorkshire_terrier,7,source
009864.png,yorkshire_terrier,yorkshire_terrier,7,source
009895.png,yorkshire_terrier,yorkshire_terrier,7,source
009898.png,yorkshire_terrier,yorkshire_terrier,7,source
009905.png,yorkshire_terrier,yorkshire_terrier,7,source
009909.png,yorkshire_terrier,yorkshire_terrier,7,source
009916.png,yorkshire_terrier,yorkshire_terrier,7,source
009924.png,yorkshire_terrier,yorkshire_terrier,7,source
009932.png,yorkshire_terrier,yorkshire_terrier,7,source
009955.png,yorkshire_terrier,yorkshire_terrier,7,source
009957.png,yorkshire_terrier,yorkshire_terrier,7,source
009969.png,yorkshire_terrier,yorkshire_terrier,7,source
009985.png,yorkshire_terrier,yorkshire_terrier,7,source
009987.png,yorkshire_terrier,yorkshire_terrier,7,source
009990.png,yorkshire_terrier,yorkshire_terrier,7,source
009998.png,yorkshire_terrier,yorkshire_terrier,7,source
010024.png,yorkshire_terrier,yorkshire_terrier,7,source
010046.png,yorkshire_terrier,yorkshire_terrier,7,source
010052.png,yorkshire_terrier,yorkshire_terrier,7,source
010064.png,yorkshire_terrier,yorkshire_terrier,7,source
010066.png,yorkshire_terrier,yorkshire_terrier,7,source
010069.png,yorkshire_terrier,yorkshire_terrier,7,source
010070.png,yorkshire_terrier,yorkshire_terrier,7,source
010076.png,yorkshire_terrier,yorkshire_terrier,7,source
010079.png,yorkshire_terrier,yorkshire_terrier,7,source
010093.png,yorkshire_terrier,yorkshire_terrier,7,source
010130.png,yorkshire_terrier,yorkshire_terrier,7,source
010131.png,yorkshire_terrier,yorkshire_terrier,7,source
010139.png,yorkshire_terrier,yorkshire_terrier,7,source
010157.png,yorkshire_terrier,yorkshire_terrier,7,source
010186.png,yorkshire_terrier,yorkshire_terrier,7,source
010190.png,yorkshire_terrier,yorkshire_terrier,7,source
010196.png,yorkshire_terrier,yorkshire_terrier,7,source
010205.png,yorkshire_terrier,yorkshire_terrier,7,source
010209.png,yorkshire_terrier,yorkshire_terrier,7,source
000017.png,,challenge,,target
000040.png,,challenge,,target
000045.png,,challenge,,target
000049.png,,challenge,,target
000056.png,,challenge,,target
000101.png,,challenge,,target
000103.png,,challenge,,target
000149.png,,challenge,,target
000163.png,,challenge,,target
000167.png,,challenge,,target
000212.png,,challenge,,target
000226.png,,challenge,,target
000227.png,,challenge,,target
000231.png,,challenge,,target
000288.png,,challenge,,target
000298.png,,challenge,,target
000306.png,,challenge,,target
000345.png,,challenge,,target
000377.png,,challenge,,target
000386.png,,challenge,,target
000390.png,,challenge,,target
000395.png,,challenge,,target
000399.png,,challenge,,target
000404.png,,challenge,,target
000407.png,,challenge,,target
000422.png,,challenge,,target
000432.png,,challenge,,target
000445.png,,challenge,,target
000453.png,,challenge,,target
000463.png,,challenge,,target
000472.png,,challenge,,target
000480.png,,challenge,,target
000490.png,,challenge,,target
000493.png,,challenge,,target
000497.png,,challenge,,target
000498.png,,challenge,,target
000525.png,,challenge,,target
000553.png,,challenge,,target
000582.png,,challenge,,target
000585.png,,challenge,,target
000600.png,,challenge,,target
000602.png,,challenge,,target
000616.png,,challenge,,target
000621.png,,challenge,,target
000631.png,,challenge,,target
000637.png,,challenge,,target
000655.png,,challenge,,target
000663.png,,challenge,,target
000672.png,,challenge,,target
000675.png,,challenge,,target
000681.png,,challenge,,target
000704.png,,challenge,,target
000719.png,,challenge,,target
000724.png,,challenge,,target
000725.png,,challenge,,target
000732.png,,challenge,,target
000735.png,,challenge,,target
000738.png,,challenge,,target
000752.png,,challenge,,target
000775.png,,challenge,,target
000801.png,,challenge,,target
000813.png,,challenge,,target
000814.png,,challenge,,target
000823.png,,challenge,,target
000830.png,,challenge,,target
000833.png,,challenge,,target
000838.png,,challenge,,target
000854.png,,challenge,,target
000862.png,,challenge,,target
000872.png,,challenge,,target
000873.png,,challenge,,target
000886.png,,challenge,,target
000910.png,,challenge,,target
000923.png,,challenge,,target
000933.png,,challenge,,target
000936.png,,challenge,,target
000943.png,,challenge,,target
000951.png,,challenge,,target
000995.png,,challenge,,target
001003.png,,challenge,,target
001017.png,,challenge,,target
001029.png,,challenge,,target
001041.png,,challenge,,target
001053.png,,challenge,,target
001082.png,,challenge,,target
001088.png,,challenge,,target
001108.png,,challenge,,target
001124.png,,challenge,,target
001144.png,,challenge,,target
001150.png,,challenge,,target
001159.png,,challenge,,target
001163.png,,challenge,,target
001172.png,,challenge,,target
001182.png,,challenge,,target
001201.png,,challenge,,target
001208.png,,challenge,,target
001263.png,,challenge,,target
001326.png,,challenge,,target
001371.png,,challenge,,target
001376.png,,challenge,,target
001408.png,,challenge,,target
001465.png,,challenge,,target
001467.png,,challenge,,target
001650.png,,challenge,,target
001678.png,,challenge,,target
001685.png,,challenge,,target
001813.png,,challenge,,target
001862.png,,challenge,,target
001956.png,,challenge,,target
001977.png,,challenge,,target
001982.png,,challenge,,target
002055.png,,challenge,,target
002066.png,,challenge,,target
002129.png,,challenge,,target
002139.png,,challenge,,target
002154.png,,challenge,,target
002191.png,,challenge,,target
002195.png,,challenge,,target
002207.png,,challenge,,target
002226.png,,challenge,,target
002242.png,,challenge,,target
002243.png,,challenge,,target
002248.png,,challenge,,target
002255.png,,challenge,,target
002281.png,,challenge,,target
002283.png,,challenge,,target
002284.png,,challenge,,target
002305.png,,challenge,,target
002306.png,,challenge,,target
002320.png,,challenge,,target
002356.png,,challenge,,target
002420.png,,challenge,,target
002421.png,,challenge,,target
002437.png,,challenge,,target
002499.png,,challenge,,target
002590.png,,challenge,,target
002622.png,,challenge,,target
002689.png,,challenge,,target
002692.png,,challenge,,target
002708.png,,challenge,,target
002743.png,,challenge,,target
002766.png,,challenge,,target
002776.png,,challenge,,target
002802.png,,challenge,,target
002929.png,,challenge,,target
006030.png,,challenge,,target
006065.png,,challenge,,target
006160.png,,challenge,,target
006171.png,,challenge,,target
006172.png,,challenge,,target
006207.png,,challenge,,target
006225.png,,challenge,,target
006237.png,,challenge,,target
006281.png,,challenge,,target
006282.png,,challenge,,target
006348.png,,challenge,,target
006355.png,,challenge,,target
006362.png,,challenge,,target
006374.png,,challenge,,target
006400.png,,challenge,,target
006411.png,,challenge,,target
006546.png,,challenge,,target
006597.png,,challenge,,target
006638.png,,challenge,,target
006730.png,,challenge,,target
006732.png,,challenge,,target
006753.png,,challenge,,target
006798.png,,challenge,,target
006817.png,,challenge,,target
006820.png,,challenge,,target
006861.png,,challenge,,target
006882.png,,challenge,,target
006904.png,,challenge,,target
006968.png,,challenge,,target
006989.png,,challenge,,target
007017.png,,challenge,,target
007040.png,,challenge,,target
007054.png,,challenge,,target
007124.png,,challenge,,target
007150.png,,challenge,,target
007184.png,,challenge,,target
007189.png,,challenge,,target
007198.png,,challenge,,target
007212.png,,challenge,,target
007220.png,,challenge,,target
007224.png,,challenge,,target
007231.png,,challenge,,target
007254.png,,challenge,,target
007354.png,,challenge,,target
007377.png,,challenge,,target
007425.png,,challenge,,target
007450.png,,challenge,,target
007459.png,,challenge,,target
007621.png,,challenge,,target
007743.png,,challenge,,target
007749.png,,challenge,,target
007785.png,,challenge,,target
007835.png,,challenge,,target
007840.png,,challenge,,target
007847.png,,challenge,,target
